ticks = 3
------------------------------------------------------------------------
  X PRICE     VOLUME  TIME            BIDs  ASKs  BIDp        ASKp
------------------------------------------------------------------------
  B 267.09310 2007958 1574174606599   100   100   267.09000   267.11000
  S 267.14000 2023696 1574174614659   100   200   267.13000   267.15000
  S 267.16670 2029276 1574174621216   300  1000   267.15000   267.18000
  B 267.22000 2077300 1574174645499   100   100   267.20000   267.21000
  S 267.37000 2102220 1574174653481   300  1000   267.35000   267.38000
  B 267.35000 2116349 1574174661231   100   200   267.35000   267.38000
  B 267.32000 2125728 1574174674478   200   100   267.31000   267.33000
  B 267.21500 2132332 1574174677644   200   100   267.20000   267.23000
  B 267.07010 2148705 1574174697590   100   200   267.07000   267.08000
  B 267.02000 2209595 1574174722721   100   300   267.02000   267.04000
  B 266.84840 2242218 1574174730549  1100   100   266.84000   266.87000
  S 266.96280 2244657 1574174734799   500   100   266.95000   266.97000
  S 266.97890 2255879 1574174741527   100   200   266.98000   267.01000
  B 266.94000 2276344 1574174765938   200   400   266.92000   266.94000
  B 266.91000 2285747 1574174774358   100   200   266.91000   266.92000
  S 266.92060 2316884 1574174829907   700   300   266.91000   266.93000
  S 266.84100 2334285 1574174845717   100   100   266.84000   266.86000
  B 266.75500 2361312 1574174863425   200   100   266.74000   266.77000
  S 266.79000 2376413 1574174870363   100   200   266.77000   266.80000
  S 266.80350 2381002 1574174878982   100   200   266.80000   266.81000
  S 266.87990 2384189 1574174883787   400   100   266.86000   266.88000
  B 266.84750 2388336 1574174887652   300   100   266.82000   266.85000
  S 266.99000 2399147 1574174901406   200   300   266.97000   266.99000
  S 267.04960 2411437 1574174908205   200   300   267.04000   267.05000
  S 267.10000 2426917 1574174924648   200   200   267.10000   267.11000
  S 267.14600 2432223 1574174930546   200   100   267.14000   267.15000
  S 267.25000 2438662 1574174934944   100 14600   267.24000   267.25000
  B 267.26000 2471388 1574174949774   100   200   267.24000   267.26000
  S 267.30000 2479237 1574174957286   400  1400   267.27000   267.30000
  B 267.22010 2491795 1574174966846   100   200   267.22000   267.25000
  S 267.22990 2497103 1574174978506   100   200   267.20000   267.23000
  B 267.17000 2500745 1574174982938   100   400   267.16000   267.20000
  S 267.16000 2518278 1574175008209   100   200   267.15000   267.18000
  S 267.21890 2525581 1574175019520   400   200   267.20000   267.22000
  S 267.26410 2530262 1574175027793   200   200   267.26000   267.29000
  B 267.23000 2542588 1574175046363   100   100   267.23000   267.26000
  B 267.18900 2549187 1574175054322   200   100   267.17000   267.20000
  B 267.12000 2555530 1574175068336   100   100   267.11000   267.13000
  B 267.06000 2564331 1574175074990   300   300   267.06000   267.09000
  S 267.05000 2570805 1574175082944   200   100   267.05000   267.06000
  B 267.02000 2583706 1574175090863  2300   100   267.00000   267.02000
  B 266.97000 2618568 1574175095033   100   100   266.96000   266.97000
  S 266.97430 2624306 1574175101613   200   400   266.96000   266.98000
  B 266.94620 2627276 1574175106088   300   300   266.92000   266.95000
  B 266.88000 2652557 1574175112976   100   300   266.88000   266.91000
  S 267.02000 2663021 1574175119791   200   400   267.02000   267.05000
  S 267.11000 2665956 1574175123773   200   200   267.09000   267.12000
  B 267.03000 2671599 1574175127665   200   200   267.02000   267.03000
  B 266.84800 2686458 1574175141186   100   300   266.84000   266.86000
  S 266.96100 2690948 1574175146545   300   200   266.94000   266.97000
  B 266.88000 2697268 1574175157369   200   200   266.87000   266.89000
  B 266.85000 2700282 1574175165495   100   300   266.84000   266.86000
  S 266.86000 2707196 1574175173447   200   100   266.85000   266.87000
  S 266.90000 2712956 1574175181488   200   200   266.90000   266.91000
  S 266.92990 2717009 1574175189637   300   100   266.90000   266.93000
  S 267.02000 2723988 1574175193222   300   200   267.00000   267.02000
  S 266.98000 2732977 1574175200376   100   200   266.99000   267.01000
  S 267.08000 2739177 1574175205473   400   100   267.05000   267.08000
  B 266.98340 2743031 1574175211324   400   200   266.98000   267.01000
  S 267.04000 2752219 1574175224649   300   200   267.01000   267.04000
  B 266.98000 2754051 1574175232786   100   200   266.95000   266.97000
  B 266.90050 2757725 1574175242227   400   100   266.88000   266.91000
  B 266.76000 2767420 1574175248689   100   200   266.76000   266.77000
  S 266.80000 2782093 1574175260746   100   300   266.79000   266.82000
  S 266.89990 2787975 1574175267705   200   200   266.88000   266.90000
  B 266.80000 2791774 1574175271565   300   200   266.77000   266.81000
  S 266.82000 2802806 1574175283948   100   100   266.82000   266.82000
  B 266.79680 2810058 1574175293401   200   200   266.78000   266.82000
  S 266.88100 2830124 1574175311859   100   100   266.88000   266.89000
  B 266.94000 2848864 1574175329065   100   200   266.93000   266.95000
  B 266.90000 2849640 1574175333378   400   200   266.89000   266.92000
  S 266.99000 2852477 1574175337074   200  2000   266.96000   266.99000
  B 266.93000 2855724 1574175346448   100   300   266.89000   266.93000
  S 266.97600 2871369 1574175372026   300   200   266.97000   266.99000
  S 267.04570 2880248 1574175380028   100   400   267.03000   267.05000
  B 266.82000 2907078 1574175406933   100   200   266.81000   266.84000
  S 266.85800 2912160 1574175413594   200   200   266.85000   266.88000
  S 266.93000 2915309 1574175429347   600   300   266.93000   266.94000
  B 266.82380 2923328 1574175449805   100   200   266.80000   266.83000
  B 266.76000 2928226 1574175454053   100   300   266.76000   266.77000
  S 266.77000 2950021 1574175463499   100   100   266.77000   266.79000
  S 266.81000 2950869 1574175467453   100   200   266.80000   266.82000
  B 266.76250 2958848 1574175483815   200   200   266.76000   266.78000
  B 266.74500 2965049 1574175491872   100   100   266.73000   266.75000
  B 266.76000 2977055 1574175512103   100   200   266.75000   266.76000
  B 266.80000 2988157 1574175534258   200   200   266.80000   266.84000
  B 266.77000 2991961 1574175543966   100   300   266.77000   266.80000
  B 266.73000 3021632 1574175564163  3600   100   266.73000   266.75000
  B 266.69000 3030831 1574175569005  1000   300   266.66000   266.69000
  S 266.83000 3050708 1574175592168   200  1000   266.82000   266.84000
  S 266.90000 3058295 1574175596832   200   200   266.92000   266.95000
  B 266.82000 3067054 1574175602554   100   100   266.80000   266.82000
  S 266.83860 3071409 1574175610515   100   200   266.82000   266.85000
  B 266.72410 3087529 1574175633321   200   100   266.71000   266.74000
  B 266.65720 3096166 1574175642874   300   200   266.65000   266.66000
  S 266.67000 3109453 1574175653867   600   100   266.66000   266.69000
  S 266.72000 3111216 1574175659469   100   300   266.70000   266.72000
  S 266.79000 3123510 1574175682374   100   200   266.78000   266.81000
  B 266.72000 3129818 1574175696450   300   200   266.72000   266.75000
  B 266.64000 3136701 1574175708777   600   400   266.64000   266.65000
  S 266.71000 3140121 1574175716852   200   200   266.70000   266.72000
  S 266.79000 3146113 1574175730603   200   200   266.77000   266.80000
  B 266.67000 3152727 1574175746379   400   200   266.67000   266.68000
  B 266.65240 3159702 1574175758524   100   500   266.63000   266.65000
  B 266.57150 3189280 1574175764514   200   200   266.57000   266.60000
  B 266.54000 3225202 1574175795954   500   400   266.53000   266.56000
  B 266.51000 3287904 1574175806279   200   100   266.51000   266.54000
  B 266.50000 3308047 1574175827373   200   400   266.50000   266.52000
  B 266.44000 3320810 1574175842646   200  1200   266.44000   266.45000
  S 266.45000 3344930 1574175862753  2500   100   266.44000   266.45000
  S 266.59000 3362928 1574175874784   200   400   266.58000   266.60000
  B 266.51000 3373980 1574175882731   300   200   266.49000   266.53000
  S 266.51000 3378872 1574175900341   100   500   266.50000   266.52000
  B 266.51000 3395785 1574175920025  1000   200   266.48000   266.51000
  B 266.38000 3423704 1574175926879   100   300   266.38000   266.42000
  S 266.52540 3448031 1574175942727   100   200   266.50000   266.54000
  S 266.55320 3456234 1574175946167   400   200   266.53000   266.56000
  B 266.62000 3480691 1574175974032   200   200   266.58000   266.63000
  S 266.62650 3508921 1574175987017   300   200   266.62000   266.66000
  B 266.68200 3527499 1574175999313   100   200   266.67000   266.71000
  S 266.73100 3547259 1574176022375   100   100   266.72000   266.74000
  B 266.77000 3569120 1574176036320   200   100   266.77000   266.80000
  B 266.73000 3575163 1574176041444   100   100   266.71000   266.73000
  B 266.66000 3584373 1574176052501   200   100   266.66000   266.68000
  B 266.62000 3586513 1574176056415   200   200   266.61000   266.64000
  B 266.54000 3641411 1574176129768   300   100   266.55000   266.58000
  S 266.63980 3667303 1574176147043   200   400   266.62000   266.66000
  B 266.64890 3670378 1574176152018   400   200   266.63000   266.66000
  B 266.56620 3686093 1574176176794  2300   200   266.56000   266.59000
  S 266.52000 3699088 1574176188967   400   100   266.51000   266.53000
  S 266.66000 3716601 1574176212366   400   100   266.64000   266.66000
  S 266.70500 3733388 1574176227843   200   300   266.69000   266.72000
  S 266.81000 3743985 1574176237211   600   200   266.78000   266.81000
  S 266.95000 3792460 1574176259535   200  1400   266.92000   266.95000
  B 266.91500 3823744 1574176273855   200   100   266.90000   266.92000
  B 266.89900 3841312 1574176288735   600   200   266.92000   266.94000
  B 266.83010 3852279 1574176296488   200   300   266.83000   266.87000
  S 266.94990 3857228 1574176303179   200   100   266.93000   266.95000
  S 266.97000 3864344 1574176307191   400   600   266.95000   266.97000
  B 266.95000 3867199 1574176312261   200   300   266.92000   266.96000
  S 266.94990 3870913 1574176321603   300   300   266.92000   266.95000
  S 267.05000 3887610 1574176325746   200   100   267.02000   267.05000
  S 267.14990 3899904 1574176329873   400   300   267.11000   267.14000
  B 267.10360 3904064 1574176337855   100   300   267.10000   267.12000
  S 267.18800 3926592 1574176355003   200   100   267.16000   267.19000
  S 267.22000 3934052 1574176363223   300   100   267.21000   267.23000
  B 267.26000 3954520 1574176379327   200   400   267.26000   267.28000
  S 267.30450 3983596 1574176383320   100   200   267.30000   267.31000
  S 267.34720 3997772 1574176387297   300   300   267.33000   267.37000
  S 267.38000 4004478 1574176392549   400   200   267.37000   267.39000
  B 267.30060 4015880 1574176405705   100   300   267.30000   267.33000
  S 267.39000 4043959 1574176433722   400   400   267.37000   267.39000
  S 267.43650 4057691 1574176445166   100   200   267.43000   267.45000
  S 267.46000 4079696 1574176471122   300   200   267.45000   267.46000
  S 267.63000 4131745 1574176475274   200   100   267.62000   267.65000
  B 267.57990 4150795 1574176480330   100   200   267.55000   267.58000
  S 267.56140 4169823 1574176489234   300   200   267.53000   267.58000
  B 267.44000 4175169 1574176494287   200   200   267.43000   267.46000
  B 267.39000 4214788 1574176501130   200   100   267.39000   267.42000
  S 267.48990 4218173 1574176504682   100  3000   267.45000   267.46000
  B 267.35240 4252427 1574176522388   400   400   267.35000   267.36000
  B 267.27000 4268158 1574176544271   100  2900   267.26000   267.27000
  S 267.28400 4279478 1574176569379   700   100   267.26000   267.30000
  S 267.28000 4299971 1574176587291   200   100   267.26000   267.29000
  S 267.35000 4308037 1574176600427   200   100   267.33000   267.37000
  B 267.33000 4315701 1574176616192   300   100   267.30000   267.35000
  S 267.40920 4321105 1574176624402   200   400   267.40000   267.42000
  B 267.41000 4325866 1574176633880   100  4500   267.40000   267.41000
  S 267.43000 4336780 1574176640466   200   100   267.42000   267.44000
  S 267.45500 4340832 1574176645767   300   400   267.43000   267.46000
  B 267.47760 4363819 1574176664517   900  1600   267.46000   267.50000
  S 267.51000 4367988 1574176672709   400   200   267.47000   267.51000
  S 267.53730 4371798 1574176678072   700   200   267.51000   267.54000
  S 267.54000 4387526 1574176685745   200   100   267.53000   267.55000
  B 267.51000 4406300 1574176711074   500   100   267.51000   267.54000
  S 267.56000 4407972 1574176716794   200   100   267.54000   267.56000
  B 267.49000 4420325 1574176725385   700   700   267.49000   267.52000
  S 267.52100 4432539 1574176742561   200   200   267.51000   267.53000
  B 267.51980 4436390 1574176754102   300   100   267.50000   267.53000
  S 267.54000 4438775 1574176761632   100   200   267.52000   267.55000
  S 267.51000 4446765 1574176775854   200   200   267.49000   267.52000
  B 267.34680 4467304 1574176800237   100   200   267.34000   267.37000
  B 267.31370 4534264 1574176850928   300   100   267.31000   267.34000
  B 267.14000 4543553 1574176857806   200   200   267.13000   267.17000
  B 267.16000 4566779 1574176869860   500   300   267.14000   267.16000
  S 267.16000 4570230 1574176875126   100   100   267.16000   267.17000
  B 267.14000 4572811 1574176883226   500   200   267.14000   267.18000
  S 267.15500 4587605 1574176901611   100  3100   267.15000   267.16000
  S 267.19620 4607996 1574176916793   200   100   267.18000   267.20000
  B 267.20000 4610439 1574176924785   400   300   267.20000   267.23000
  B 267.09980 4616616 1574176939986  1100   300   267.09000   267.12000
  B 267.03000 4625042 1574176953489   700   100   267.03000   267.05000
  S 267.12250 4633538 1574176973607   200   200   267.10000   267.13000
  B 267.09000 4635636 1574176981912   100   100   267.09000   267.10000
  B 267.07000 4678498 1574177049813  3800   300   267.07000   267.09000
  S 267.10000 4679784 1574177056467   300   300   267.08000   267.10000
  B 267.03000 4725399 1574177128207   200   200   267.01000   267.03000
  B 266.96940 4753503 1574177132719   200   300   266.96000   266.98000
  B 266.93110 4765271 1574177147431   200   400   266.92000   266.95000
  B 266.86900 4778527 1574177160946   200   300   266.86000   266.88000
  S 266.95000 4798301 1574177177041   100   100   266.94000   266.97000
  B 266.93010 4810806 1574177197709   100   100   266.93000   266.95000
  B 266.88000 4819917 1574177217844   200   200   266.85000   266.88000
  B 266.82000 4826657 1574177229628   200   300   266.82000   266.85000
  S 266.73000 4853280 1574177275495   300   100   266.72000   266.76000
  S 266.75680 4856269 1574177280166   200   300   266.75000   266.77000
  B 266.74000 4863162 1574177289875  5400   200   266.70000   266.72000
  B 266.69000 4875862 1574177292990   200   200   266.68000   266.70000
  S 266.70000 4892738 1574177305933   200   200   266.68000   266.71000
  S 266.75000 4898506 1574177320928   100   400   266.73000   266.75000
  B 266.69000 4904451 1574177327953   200   300   266.66000   266.71000
  S 266.75970 4914480 1574177333321   200   200   266.72000   266.76000
  S 266.79600 4928511 1574177347574   100   100   266.78000   266.80000
  S 266.85810 4937806 1574177353102   100   100   266.84000   266.87000
  S 266.88950 4941023 1574177359529   500   100   266.88000   266.91000
  B 266.82500 4955119 1574177366327   300   200   266.80000   266.85000
  B 266.77270 4963625 1574177374076   400   100   266.76000   266.79000
  B 266.72960 4970363 1574177383049   200   200   266.72000   266.75000
  B 266.67030 4976045 1574177391090   300   200   266.67000   266.70000
  S 266.77000 4979291 1574177400377   200   200   266.73000   266.76000
  S 266.82000 4986191 1574177404484   200   200   266.81000   266.85000
  B 266.71530 4990762 1574177408147   600   300   266.70000   266.75000
  B 266.66000 4999963 1574177423115   300   200   266.66000   266.70000
  B 266.57000 5043411 1574177446730   200   300   266.57000   266.58000
  S 266.67000 5047017 1574177449932   200  1300   266.65000   266.68000
  B 266.61250 5070628 1574177470565   200   200   266.61000   266.66000
  B 266.53350 5078979 1574177474844   300   600   266.54000   266.59000
  S 266.62000 5086791 1574177481441   200   200   266.58000   266.62000
  B 266.58500 5090069 1574177487562   200   200   266.57000   266.60000
  S 266.66000 5110539 1574177506246   300   200   266.62000   266.66000
  B 266.64000 5123872 1574177533069   200   300   266.62000   266.67000
  B 266.66000 5131281 1574177550615   400   100   266.66000   266.69000
  S 266.79660 5147963 1574177587187   200   300   266.79000   266.80000
  B 266.76000 5154574 1574177591534   100   300   266.77000   266.79000
  S 266.85000 5159621 1574177595337   100   200   266.84000   266.87000
  B 266.77000 5166646 1574177611076   100   100   266.75000   266.78000
  S 266.70000 5176895 1574177636131   100   200   266.68000   266.70000
  B 266.63270 5180516 1574177644273   100   200   266.62000   266.65000
  S 266.70000 5184682 1574177658140   100   100   266.68000   266.70000
  S 266.75000 5189269 1574177682199   400   100   266.74000   266.76000
  B 266.74000 5199235 1574177700817   100   200   266.72000   266.75000
  B 266.71600 5203096 1574177705186  2300   100   266.71000   266.72000
  S 266.75250 5204380 1574177713233   100   200   266.73000   266.76000
  B 266.74000 5207355 1574177726859  1100   200   266.72000   266.74000
  B 266.70500 5221488 1574177739871   100   300   266.69000   266.72000
  B 266.69150 5231324 1574177763400   200   100   266.69000   266.71000
  S 266.76000 5233217 1574177768130   200   100   266.75000   266.77000
  S 266.85990 5250119 1574177778650   400   200   266.84000   266.86000
  S 266.83900 5263111 1574177792972   200   200   266.83000   266.86000
  B 266.74000 5280433 1574177812289   200   200   266.72000   266.76000
  S 266.77780 5282445 1574177818823   100   200   266.76000   266.78000
  B 266.72000 5291082 1574177822395   300  1300   266.70000   266.73000
  S 266.78000 5295034 1574177829419   100   200   266.75000   266.78000
  B 266.69000 5306210 1574177860176   100   300   266.68000   266.70000
  S 266.75010 5330187 1574177903438   300   100   266.75000   266.77000
  S 266.77500 5332918 1574177911434   100   100   266.78000   266.79000
  S 266.86000 5336141 1574177916956   500   300   266.84000   266.87000
  B 266.81000 5345948 1574177930316   200   200   266.81000   266.83000
  S 266.87000 5348589 1574177934294   300  1400   266.85000   266.88000
  S 266.95550 5363625 1574177952702   200   600   266.94000   266.96000
  B 266.92850 5367017 1574177962349   200   400   266.92000   266.96000
  S 266.97000 5368256 1574177966514   100   200   266.96000   266.98000
  S 266.99980 5372186 1574177970952  1000  1600   266.97000   267.00000
  B 266.93000 5378450 1574177981302   100   100   266.91000   266.94000
  S 266.96990 5390707 1574178006265   200   200   266.94000   266.97000
  S 266.96000 5397677 1574178022607   100   100   266.95000   266.97000
  B 266.93000 5398486 1574178031103   200   200   266.93000   266.96000
  B 266.89000 5403276 1574178038113   200   400   266.88000   266.91000
  S 266.88500 5407238 1574178054628   300   100   266.87000   266.90000
  B 266.90000 5411833 1574178064100   200   200   266.89000   266.91000
  B 266.84000 5422573 1574178084419   300   200   266.82000   266.84000
  B 266.70000 5450475 1574178122923  1000   300   266.70000   266.72000
  S 266.77000 5455828 1574178133195   100   400   266.76000   266.77000
  S 266.79500 5457106 1574178140179   400   100   266.78000   266.80000
  B 266.73000 5466343 1574178171050   200   200   266.73000   266.75000
  B 266.69000 5473925 1574178200566   200   200   266.68000   266.71000
  S 266.71000 5475021 1574178207831   100   200   266.70000   266.72000
  S 266.70000 5482172 1574178230050   500   200   266.69000   266.72000
  B 266.65000 5496126 1574178237659   400   200   266.65000   266.66000
  B 266.57000 5500476 1574178242073 11800   100   266.55000   266.58000
  S 266.63010 5505213 1574178247538   500   100   266.62000   266.66000
  S 266.66350 5507583 1574178251464   200   100   266.65000   266.67000
  B 266.56600 5531524 1574178274147   200   400   266.56000   266.59000
  B 266.53000 5558653 1574178292834  2700   200   266.50000   266.53000
  S 266.64860 5590296 1574178304818   200   200   266.61000   266.65000
  B 266.60000 5598091 1574178315315   100   100   266.60000   266.61000
  S 266.65800 5610826 1574178354099   300   200   266.65000   266.67000
  B 266.63000 5618694 1574178379357   500   100   266.63000   266.64000
  S 266.65000 5624613 1574178390060   300   100   266.63000   266.65000
  B 266.62000 5626186 1574178396831   200   100   266.60000   266.63000
  S 266.64500 5641219 1574178427288   300   100   266.63000   266.66000
  B 266.58000 5646492 1574178436663  2400   100   266.58000   266.61000
  B 266.51000 5676923 1574178444794  1400   200   266.50000   266.51000
  S 266.56440 5694099 1574178455501   200   100   266.55000   266.58000
  B 266.51000 5698731 1574178466286   200   300   266.51000   266.54000
  B 266.40000 5716170 1574178476336  1400   200   266.40000   266.43000
  B 266.25000 5754357 1574178488422   600   100   266.25000   266.27000
  S 266.35500 5758272 1574178492800   200   200   266.33000   266.37000
  S 266.40220 5762295 1574178496688   100   100   266.39000   266.41000
  B 266.36010 5767823 1574178506841   300   300   266.36000   266.39000
  B 266.33000 5773695 1574178515925   200   600   266.32000   266.34000
  B 266.27000 5776069 1574178523125   300   600   266.26000   266.28000
  B 266.24500 5794323 1574178535677   800   700   266.22000   266.25000
  B 266.16850 5800950 1574178539663   200   900   266.16000   266.18000
  S 266.25000 5815447 1574178543379   200   200   266.23000   266.26000
  B 266.19000 5824132 1574178553047   300   400   266.18000   266.19000
  S 266.24990 5835955 1574178560385   300   400   266.21000   266.25000
  S 266.26000 5858613 1574178591526   200   500   266.25000   266.26000
  B 266.28000 5869886 1574178600878   200   300   266.28000   266.32000
  S 266.46000 5877548 1574178606252   200   400   266.43000   266.47000
  B 266.40990 5888935 1574178614042   100   200   266.40000   266.41000
  B 266.33380 5908651 1574178626044   600   200   266.31000   266.33000
  B 266.23090 5914268 1574178630191   100   300   266.23000   266.26000
  B 266.23000 5920095 1574178644358   200   200   266.21000   266.25000
  S 266.27000 5923984 1574178652469   100   200   266.26000   266.30000
  S 266.21610 5941659 1574178677991   300  2100   266.21000   266.24000
  B 266.14000 5957118 1574178707516   100   100   266.14000   266.16000
  S 266.23000 5963641 1574178712904   200   100   266.21000   266.24000
  B 266.16500 5966669 1574178716678   100   100   266.14000   266.16000
  S 266.25000 5975758 1574178727640   200   200   266.23000   266.27000
  B 266.16000 5986688 1574178742254   200   100   266.14000   266.18000
  S 266.18000 5999564 1574178771080   200   200   266.16000   266.20000
  S 266.14000 6009306 1574178796861   200   100   266.13000   266.15000
  S 266.21000 6016241 1574178810175   200   200   266.20000   266.23000
  S 266.29990 6028840 1574178814373   600   200   266.24000   266.28000
  B 266.26000 6030252 1574178821129   300   100   266.26000   266.29000
  B 266.19500 6039484 1574178835166   200   100   266.17000   266.20000
  B 266.13000 6045447 1574178843112   500   300   266.13000   266.14000
  S 266.17000 6046700 1574178851291   200   100   266.16000   266.19000
  S 266.26000 6054270 1574178871520   500   200   266.24000   266.27000
  S 266.27070 6069480 1574178896914   200   100   266.24000   266.28000
  B 266.25000 6080208 1574178932634   100   100   266.26000   266.28000
  S 266.29500 6081806 1574178938256   200   200   266.28000   266.30000
  B 266.24000 6083321 1574178943085   100   200   266.22000   266.25000
  B 266.17000 6090236 1574178964565   900   500   266.15000   266.18000
  S 266.20000 6124328 1574178976079   200   200   266.19000   266.22000
  S 266.26600 6125494 1574178980390   200   200   266.23000   266.27000
  B 266.12000 6129856 1574178989973   100   100   266.11000   266.14000
  S 266.16000 6131594 1574178996326   100   300   266.15000   266.18000
  B 266.08000 6133456 1574179002916   200   100   266.08000   266.11000
  B 266.05000 6150447 1574179016923   100   200   266.04000   266.06000
  S 265.84900 6249945 1574179036075   200   200   265.83000   265.85000
  B 265.75000 6262189 1574179042207  1700   200   265.75000   265.78000
  S 265.76000 6275770 1574179051162   300   300   265.74000   265.78000
  B 265.80000 6300240 1574179070166   100   400   265.78000   265.81000
  B 265.72000 6318244 1574179083506   100  1000   265.72000   265.73000
  S 265.81000 6324965 1574179087421   100   300   265.79000   265.81000
  B 265.75000 6339028 1574179098011   200   100   265.75000   265.76000
  S 265.81000 6346678 1574179107284   100   100   265.80000   265.81000
  S 265.83110 6349271 1574179113759   200   100   265.83000   265.85000
  B 265.82420 6358393 1574179120152   100   100   265.81000   265.84000
  B 265.76910 6365370 1574179136944   500   300   265.75000   265.78000
  B 265.72000 6381745 1574179155283   400   300   265.71000   265.74000
  S 265.73000 6389234 1574179167309   300   200   265.72000   265.74000
  B 265.69000 6405190 1574179179525   200   200   265.69000   265.72000
  B 265.68010 6417042 1574179191602   300   100   265.68000   265.71000
  B 265.70000 6459202 1574179214134   200   300   265.68000   265.72000
  S 265.67000 6508593 1574179240403   200  2900   265.64000   265.67000
  B 265.65000 6520933 1574179254357   200   100   265.64000   265.66000
  S 265.88000 6556096 1574179271584   200   300   265.87000   265.90000
  S 265.85190 6572310 1574179289196   100   100   265.85000   265.87000
  B 265.86000 6580589 1574179303039   700   200   265.84000   265.86000
  S 265.87000 6586046 1574179313564   200   400   265.86000   265.87000
  B 265.79000 6627610 1574179352367   200   300   265.76000   265.79000
  S 265.74500 6639731 1574179360332   200   300   265.73000   265.77000
  S 265.79560 6643210 1574179366698   200   100   265.79000   265.80000
  S 265.80000 6655054 1574179376486   200   100   265.78000   265.80000
  B 265.77000 6657083 1574179381423   300   400   265.76000   265.78000
  B 265.73000 6661288 1574179393129   200   100   265.71000   265.73000
  S 265.76000 6665400 1574179397762   100   300   265.76000   265.78000
  B 265.72000 6670224 1574179411075   300   100   265.72000   265.74000
  B 265.73840 6675881 1574179422892   100   100   265.73000   265.75000
  S 265.76400 6678230 1574179429533   500   300   265.75000   265.78000
  B 265.70000 6692350 1574179461460   200   300   265.69000   265.72000
  B 265.60000 6728785 1574179505014   200   200   265.60000   265.62000
  B 265.58500 6736031 1574179518515  2500   800   265.57000   265.60000
  S 265.64000 6754667 1574179564387   500   100   265.63000   265.64000
  S 265.71800 6760684 1574179572278   200   300   265.70000   265.72000
  S 265.79900 6763738 1574179581988   500   100   265.77000   265.79000
  S 265.86050 6772199 1574179588189   200   200   265.84000   265.87000
  S 265.87550 6789999 1574179605401   200   100   265.86000   265.88000
  B 265.82000 6800846 1574179624836   300   200   265.81000   265.85000
  B 265.82000 6804007 1574179634317   100   300   265.82000   265.86000
  B 265.80000 6811740 1574179652738   200   100   265.80000   265.83000
  B 265.79630 6819327 1574179672643   200   500   265.78000   265.80000
  B 265.73000 6831008 1574179697173   100   100   265.72000   265.74000
  B 265.69000 6836555 1574179715919   100   200   265.69000   265.71000
  B 265.62000 6852020 1574179748161   400   100   265.61000   265.63000
  S 265.74000 6864836 1574179764115   200   100   265.72000   265.75000
  S 265.76360 6868590 1574179791957   700   100   265.75000   265.79000
  S 265.82630 6877305 1574179815866   200   100   265.82000   265.83000
  B 265.79000 6888535 1574179842814   900   900   265.77000   265.80000
  B 265.73400 6897379 1574179846242   100   100   265.73000   265.76000
  B 265.69000 6903666 1574179875408   200   200   265.69000   265.71000
  B 265.67000 6908252 1574179896823   300   100   265.65000   265.67000
  B 265.63000 6923485 1574179938699   200   300   265.63000   265.64000
  S 265.65000 6929271 1574179949693   600   200   265.63000   265.66000
  S 265.66730 6936764 1574179967974   200   200   265.64000   265.67000
  S 265.68000 6951497 1574179982798   200   100   265.65000   265.68000
  B 265.65000 6954222 1574179989683   200   100   265.65000   265.67000
  B 265.63000 6956440 1574180003291   300   700   265.63000   265.64000
  S 265.58500 6975876 1574180037831   100   200   265.58000   265.59000
  S 265.66620 6980271 1574180043119   400   200   265.65000   265.67000
  B 265.58440 7009176 1574180072697   300   200   265.57000   265.60000
  B 265.44030 7041078 1574180083505   400   200   265.43000   265.46000
  B 265.39260 7052674 1574180091394   100   100   265.40000   265.42000
  S 265.51000 7062048 1574180102127   300   100   265.51000   265.52000
  B 265.45000 7069670 1574180109176   200   100   265.42000   265.45000
  S 265.50000 7072487 1574180117922   200   100   265.48000   265.50000
  B 265.43000 7129151 1574180169918   500   300   265.40000   265.44000
  B 265.47440 7140135 1574180201809   500   300   265.47000   265.48000
  B 265.46000 7145939 1574180209444  2700   100   265.44000   265.46000
  S 265.48000 7155991 1574180221703   700   200   265.46000   265.48000
  S 265.51000 7182203 1574180247125   200   200   265.49000   265.51000
  B 265.53440 7188334 1574180263378   300   200   265.53000   265.54000
  S 265.64000 7211669 1574180291191   200   200   265.61000   265.64000
  B 265.53000 7221577 1574180299542   100   100   265.52000   265.53000
  S 265.62000 7238813 1574180318093   200   100   265.60000   265.63000
  S 265.62000 7246981 1574180332643   100   100   265.61000   265.62000
  S 265.68390 7252431 1574180341423   100   300   265.67000   265.69000
  S 265.76000 7262797 1574180358694   300   100   265.72000   265.76000
  B 265.71000 7276263 1574180369570  1100   100   265.70000   265.71000
  B 265.65000 7284470 1574180384726   200   100   265.65000   265.67000
  S 265.69000 7286182 1574180392859   200   100   265.68000   265.70000
  B 265.68000 7292412 1574180399628   100   300   265.67000   265.69000
  S 265.73000 7296666 1574180405745   400   100   265.70000   265.73000
  S 265.74000 7301882 1574180416874   300   200   265.71000   265.74000
  S 265.84990 7312433 1574180422533   200   400   265.83000   265.85000
  B 265.77000 7325391 1574180445195   100   200   265.77000   265.79000
  S 265.82000 7349987 1574180481176   100   100   265.80000   265.82000
  B 265.82900 7355562 1574180492397   300   200   265.80000   265.84000
  B 265.77900 7376631 1574180513930   200   200   265.77000   265.80000
  S 265.80000 7381781 1574180528958   300   300   265.80000   265.82000
  B 265.79000 7396203 1574180559068   400   500   265.77000   265.80000
  S 265.78000 7399713 1574180571382   500   200   265.77000   265.79000
  S 265.89990 7421624 1574180611769   700   100   265.88000   265.90000
  S 265.94000 7427559 1574180621868   100   200   265.94000   265.95000
  S 266.03000 7441515 1574180626300   100   100   266.03000   266.05000
  S 266.02000 7456082 1574180637290   300   100   266.01000   266.03000
  S 266.07000 7460723 1574180643743   400   300   266.07000   266.10000
  B 266.04000 7467176 1574180650344   100   100   266.03000   266.06000
  S 266.09000 7467786 1574180654233   100   100   266.09000   266.12000
  S 266.13000 7471077 1574180658290   100   100   266.13000   266.14000
  S 266.14000 7494055 1574180675433   200   200   266.12000   266.14000
  B 266.09300 7504360 1574180689223  1900   600   266.09000   266.11000
  B 266.02200 7518297 1574180712811   600   100   266.02000   266.03000
  S 266.04830 7520057 1574180719560   200   100   266.04000   266.05000
  S 266.12990 7525615 1574180728116   200   100   266.11000   266.13000
  S 266.14060 7533362 1574180739321   200   100   266.15000   266.16000
  B 266.11000 7548155 1574180753062   100   100   266.10000   266.12000
  B 266.07000 7555765 1574180771499   100   300   266.07000   266.10000
  B 266.04500 7564728 1574180793738   400   200   266.03000   266.06000
  S 266.08000 7570944 1574180816363   100   100   266.08000   266.09000
  S 266.14020 7573243 1574180824270   100   100   266.14000   266.16000
  B 266.14000 7589040 1574180837773   200   100   266.14000   266.16000
  S 266.16000 7592913 1574180846220   500   200   266.18000   266.19000
  B 266.14000 7595472 1574180849855   500   100   266.14000   266.15000
  S 266.14000 7625097 1574180875222   100   100   266.13000   266.14000
  S 266.16000 7648661 1574180902809   300   100   266.18000   266.21000
  B 266.16560 7652640 1574180908844   400   300   266.16000   266.17000
  B 266.13000 7654091 1574180913254   100   100   266.13000   266.15000
  S 266.25590 7699585 1574180939959   200   100   266.24000   266.26000
  B 266.24000 7711467 1574180957155   200   300   266.22000   266.25000
  B 266.18000 7714713 1574180962630   100   300   266.17000   266.19000
  B 266.16000 7722780 1574180971994   100   100   266.17000   266.19000
  B 266.16910 7725224 1574180982140   200   200   266.16000   266.18000
  B 266.18350 7738306 1574181003918   200   200   266.18000   266.20000
  S 266.19500 7739161 1574181009174   600   300   266.18000   266.20000
  S 266.19000 7762765 1574181046677   200   200   266.18000   266.20000
  S 266.21000 7774517 1574181084005   500   100   266.19000   266.22000
  S 266.30000 7788425 1574181102600   300   500   266.27000   266.30000
  S 266.30000 7793161 1574181114598   400   100   266.30000   266.32000
  S 266.32000 7795925 1574181118426  1000   300   266.30000   266.32000
  B 266.25000 7816956 1574181142656   100   100   266.24000   266.26000
  B 266.22000 7846641 1574181193380   200   100   266.22000   266.24000
  S 266.25010 7853946 1574181198674   300   100   266.25000   266.27000
  B 266.25000 7860122 1574181208064   400   300   266.25000   266.28000
  S 266.32980 7868095 1574181217811   200   200   266.30000   266.33000
  S 266.35990 7877037 1574181222821   200   300   266.34000   266.37000
  S 266.37000 7884904 1574181233127   600   200   266.36000   266.38000
  B 266.30000 7889987 1574181250094   400   200   266.30000   266.32000
  S 266.32000 7890469 1574181255689   500   500   266.30000   266.32000
  B 266.29120 7896148 1574181265031   100   300   266.28000   266.30000
  B 266.25010 7897900 1574181273725   300   200   266.25000   266.27000
  S 266.30800 7919898 1574181322453   400   100   266.29000   266.31000
  S 266.35000 7923169 1574181331755   200   300   266.34000   266.36000
  S 266.36000 7958158 1574181362997   200   200   266.35000   266.37000
  S 266.36800 7961133 1574181374696   400   200   266.36000   266.37000
  B 266.34500 7968724 1574181395867   200   200   266.33000   266.35000
  B 266.32000 7969562 1574181402658   400   200   266.30000   266.32000
  B 266.29000 7971723 1574181410377   500   200   266.29000   266.32000
  B 266.27950 7978046 1574181426782   300   200   266.26000   266.29000
  B 266.26000 7980405 1574181434512   200   200   266.26000   266.29000
  S 266.31000 7988800 1574181473305   400   100   266.30000   266.32000
  B 266.24010 7996040 1574181491478   100   200   266.24000   266.26000
  S 266.33000 7999020 1574181501075   200   400   266.33000   266.35000
  S 266.83000 8130492 1574181542550   100   300   266.82000   266.83000
  B 266.74000 8139023 1574181546562   100   200   266.75000   266.79000
  B 266.68000 8157198 1574181559970   200   600   266.67000   266.70000
  S 266.74550 8169623 1574181573156   100   200   266.75000   266.78000
  B 266.71000 8174166 1574181579929   100   200   266.70000   266.72000
  B 266.67000 8181523 1574181586208   700   200   266.65000   266.69000
  B 266.60000 8190442 1574181590719  1800   300   266.60000   266.61000
  B 266.47000 8224749 1574181634308  1500   300   266.48000   266.51000
  B 266.43500 8249986 1574181650259   100   300   266.42000   266.45000
  S 266.47000 8267628 1574181673351   100   100   266.46000   266.49000
  S 266.52690 8270412 1574181682615   400   100   266.49000   266.53000
  B 266.49000 8273757 1574181688292   100   100   266.49000   266.51000
  B 266.47000 8286268 1574181709541   500   400   266.46000   266.49000
  S 266.51000 8288367 1574181714528   200   200   266.48000   266.51000
  B 266.44000 8299566 1574181762247   200   100   266.43000   266.46000
  B 266.42500 8316242 1574181811290   300   100   266.43000   266.44000
  S 266.44000 8321339 1574181823473  1500   100   266.43000   266.44000
  B 266.40000 8334033 1574181853470   100   100   266.39000   266.40000
  B 266.33140 8345474 1574181886063   100   100   266.33000   266.34000
  S 266.35000 8346447 1574181891166   300   100   266.34000   266.36000
  S 266.39000 8362889 1574181930362   200   100   266.38000   266.40000
  S 266.47000 8368928 1574181934546   200   200   266.46000   266.47000
  B 266.51000 8390027 1574181949182   100   200   266.51000   266.53000
  B 266.40000 8395040 1574181955829   100   100   266.39000   266.42000
  S 266.46000 8395705 1574181959381   200   100   266.45000   266.48000
  B 266.40000 8401548 1574181976470   200   200   266.35000   266.38000
  B 266.34000 8402631 1574181980428   400   100   266.34000   266.38000
  B 266.35000 8407702 1574181991306   800   200   266.35000   266.38000
  B 266.28000 8416523 1574182018778   300   200   266.26000   266.29000
  S 266.34000 8423198 1574182033182   100   300   266.31000   266.34000
  S 266.38980 8427609 1574182060025   200   100   266.37000   266.40000
  B 266.35000 8433544 1574182069481   200   100   266.34000   266.35000
  B 266.36000 8442711 1574182102902   100   200   266.34000   266.36000
  S 266.41000 8444465 1574182108309   100   200   266.38000   266.42000
  S 266.44100 8454935 1574182114952   300   100   266.41000   266.45000
  S 266.45000 8468025 1574182174221   400  1400   266.45000   266.47000
  S 266.49820 8470436 1574182181333   300   100   266.48000   266.51000
  S 266.51000 8477060 1574182189789   100   200   266.49000   266.51000
  B 266.49400 8485991 1574182199243   400   100   266.49000   266.51000
  S 266.52500 8504015 1574182221002   200   200   266.51000   266.54000
  S 266.55000 8513895 1574182238689   200   200   266.54000   266.57000
  S 266.56320 8518684 1574182247906   300   100   266.55000   266.57000
  S 266.58000 8521959 1574182252909   500  1400   266.56000   266.58000
  B 266.57130 8541817 1574182283829   300   200   266.55000   266.58000
  B 266.47990 8551939 1574182310445   300   400   266.46000   266.49000
  S 266.48000 8554146 1574182321023   400   200   266.46000   266.49000
  B 266.45000 8557583 1574182330504  1300   100   266.42000   266.45000
  B 266.40000 8562011 1574182337339   300   100   266.40000   266.43000
  S 266.45320 8564182 1574182354608   300   100   266.44000   266.47000
  S 266.48000 8565792 1574182362331   100   200   266.46000   266.48000
  B 266.36010 8588119 1574182400718   200   300   266.36000   266.39000
  S 266.41330 8591466 1574182408791   200   100   266.41000   266.43000
  B 266.36650 8592150 1574182412382   100   100   266.36000   266.38000
  B 266.33600 8598366 1574182449000   200   100   266.33000   266.35000
  S 266.32000 8608186 1574182470114   100   200   266.31000   266.34000
  S 266.41000 8614018 1574182512621   200   500   266.38000   266.41000
  S 266.41000 8618885 1574182524232   400   100   266.39000   266.42000
  S 266.35010 8633307 1574182602213   100   100   266.35000   266.36000
  S 266.39000 8634485 1574182607175   300   200   266.37000   266.40000
  B 266.35000 8638870 1574182624395   100   100   266.33000   266.34000
  S 266.39000 8640433 1574182636043   100   200   266.39000   266.41000
  B 266.37000 8645948 1574182661551   100   100   266.37000   266.39000
  B 266.34120 8647884 1574182673162   200   100   266.33000   266.35000
  S 266.39120 8652555 1574182704742   300   100   266.37000   266.39000
  B 266.37000 8654518 1574182726041   400   100   266.35000   266.38000
  B 266.36000 8659694 1574182743114   200   100   266.35000   266.38000
  B 266.32000 8662243 1574182752688   100   300   266.32000   266.33000
  S 266.36000 8678101 1574182797481   100   200   266.35000   266.38000
  S 266.43000 8697514 1574182801379   300   100   266.42000   266.44000
  S 266.48000 8701405 1574182805304   100   100   266.47000   266.49000
  B 266.45910 8707556 1574182811969   200   200   266.45000   266.48000
  B 266.37000 8712934 1574182815941   100   100   266.36000   266.38000
  B 266.31000 8727237 1574182868408   100   300   266.30000   266.33000
  B 266.29000 8732325 1574182909976   200   300   266.29000   266.31000
  B 266.27250 8739689 1574182937661  1700   100   266.27000   266.28000
  B 266.21080 8760325 1574182958321   300   100   266.21000   266.22000
  B 266.19000 8767945 1574182962509   100   100   266.18000   266.19000
  B 266.16000 8777915 1574182974533   200   600   266.15000   266.17000
  S 266.19000 8784959 1574182993017   200   400   266.19000   266.21000
  B 266.11000 8797390 1574183040851   800   100   266.10000   266.11000
  S 266.15000 8800043 1574183049123   300   100   266.14000   266.16000
  S 266.10440 8946131 1574183152948   100   100   266.09000   266.13000
  B 266.02000 8983800 1574183194377   200   100   265.95000   265.99000
  S 266.09380 8987634 1574183202114   100   100   266.08000   266.11000
  B 266.10340 9003470 1574183231059   500   200   266.10000   266.12000
  B 266.07130 9013744 1574183252747   500   500   266.07000   266.08000
  S 266.08140 9025426 1574183272594   100   200   266.07000   266.10000
  B 266.08000 9033365 1574183300375   100   200   266.08000   266.10000
  S 266.09700 9040520 1574183321946   300   100   266.09000   266.11000
  S 266.10500 9047008 1574183344766   100   100   266.10000   266.12000
  B 266.08000 9047787 1574183350811   400   400   266.07000   266.09000
  S 266.10000 9055116 1574183365710   300   100   266.10000   266.12000
  B 266.09260 9061111 1574183379788   200   100   266.08000   266.11000
  B 266.06000 9066341 1574183394223   100   200   266.06000   266.08000
  B 266.09200 9077825 1574183409266   100   100   266.08000   266.11000
  S 266.13000 9086444 1574183415826   100   100   266.13000   266.14000
  S 266.17000 9091519 1574183430202   200   100   266.16000   266.17000
  S 266.19000 9096712 1574183449139   100   100   266.18000   266.20000
  B 266.16070 9112338 1574183481114   500   200   266.15000   266.18000
  B 266.15000 9121024 1574183516953   100   200   266.13000   266.15000
  B 266.12000 9131739 1574183536819   100   200   266.11000   266.14000
  B 266.08010 9138646 1574183567074   200   100   266.08000   266.10000
  B 266.10300 9142101 1574183576744   100   100   266.10000   266.11000
  S 266.14000 9144582 1574183587823   100   200   266.13000   266.15000
  S 266.17000 9145350 1574183593556   100   200   266.18000   266.20000
  S 266.19000 9148869 1574183624316   200   100   266.16000   266.19000
  S 266.23000 9154539 1574183645730   100   400   266.22000   266.25000
  B 266.24000 9158070 1574183657233   300   100   266.23000   266.25000
  S 266.32000 9164990 1574183678887   100   100   266.32000   266.33000
  S 266.36000 9176645 1574183703644   300   400   266.35000   266.37000
  B 266.26980 9182741 1574183714406   100   100   266.24000   266.26000
  S 266.31360 9187820 1574183741209   300   100   266.30000   266.32000
  S 266.35000 9191259 1574183753220   100   400   266.36000   266.37000
  S 266.39000 9193589 1574183764623   200   500   266.38000   266.39000
  B 266.38000 9195885 1574183769725   200   500   266.38000   266.39000
  S 266.41210 9200149 1574183779762   500  1400   266.41000   266.42000
  B 266.30000 9208282 1574183789000   800   100   266.30000   266.32000
  S 266.29000 9216039 1574183812815   100   300   266.28000   266.30000
  S 266.33250 9221471 1574183835654   100   400   266.32000   266.34000
  S 266.37000 9226523 1574183845428   400   100   266.36000   266.38000
  B 266.29150 9236406 1574183864883   400   200   266.28000   266.30000
  S 266.42000 9270287 1574183989376   400   200   266.40000   266.42000
  B 266.39000 9274859 1574184010203   300   200   266.36000   266.39000
  S 266.42000 9276644 1574184021172   200   100   266.41000   266.42000
  S 266.45000 9298573 1574184100247   200   200   266.45000   266.46000
  B 266.44280 9314449 1574184117239   100   300   266.44000   266.45000
  B 266.43000 9318755 1574184137162   200   100   266.42000   266.44000
  S 266.48870 9335012 1574184168392   100  2500   266.47000   266.50000
  B 266.47980 9350981 1574184178804   200   300   266.45000   266.48000
  B 266.42010 9356610 1574184205609   200   300   266.43000   266.45000
  S 266.46000 9357959 1574184213594   300   100   266.45000   266.47000
  B 266.40350 9367735 1574184249662   200   200   266.40000   266.42000
  B 266.40000 9375847 1574184274236   200   100   266.39000   266.42000
  S 266.44800 9379363 1574184291220   200  7900   266.43000   266.46000
  S 266.45000 9382644 1574184308660   200   400   266.42000   266.45000
  B 266.39000 9389178 1574184370029   200   200   266.39000   266.41000
  B 266.30000 9406075 1574184415629  1000   200   266.30000   266.33000
  S 266.27010 9420386 1574184435029   100   100   266.27000   266.28000
  B 266.25130 9430406 1574184498032   100   100   266.25000   266.26000
  B 266.22250 9431915 1574184502596   100   100   266.22000   266.24000
  S 266.28000 9435613 1574184507408   100   100   266.27000   266.29000
  B 266.24000 9436231 1574184513796   100   200   266.23000   266.26000
  S 266.28010 9438589 1574184540879   300   200   266.26000   266.29000
  B 266.27000 9444727 1574184589791   100   400   266.27000   266.29000
  B 266.18000 9465304 1574184625034   500   100   266.20000   266.22000
  B 266.15000 9478101 1574184661643   100   200   266.15000   266.17000
  S 266.21000 9479825 1574184666740   200   100   266.19000   266.22000
  S 266.27990 9483157 1574184675077   400   200   266.24000   266.28000
  B 266.24000 9484374 1574184680444   100   800   266.24000   266.26000
  B 266.19000 9491350 1574184696033   300   300   266.18000   266.22000
  S 266.18980 9497753 1574184730369   100   300   266.17000   266.19000
  S 266.22600 9500247 1574184735785   200   200   266.22000   266.24000
  B 266.15000 9504190 1574184763031   100   200   266.13000   266.15000
  B 266.11000 9507285 1574184776946   200   300   266.11000   266.14000
  S 266.16000 9508593 1574184791912   300   100   266.14000   266.17000
  S 266.18900 9518540 1574184823928   200   100   266.16000   266.19000
  B 266.06300 9534351 1574184841676   400   300   266.06000   266.10000
  B 266.03000 9556330 1574184876618   200   200   266.03000   266.07000
  B 265.97140 9570356 1574184907238   400   200   265.96000   265.98000
  B 265.91000 9575815 1574184919872   700   200   265.91000   265.94000
  S 265.96000 9577524 1574184931026   400   100   265.95000   265.97000
  S 265.99870 9578683 1574184941121   200   100   265.98000   266.00000
  S 266.05920 9599299 1574184982685   100   100   266.04000   266.08000
  S 266.05800 9602510 1574184991838   100   400   266.03000   266.06000
  B 265.94350 9610936 1574185019890   200   200   265.92000   265.96000
  S 265.96990 9613501 1574185022225   200   100   265.94000   265.97000
  S 266.03990 9615609 1574185035019   300   100   266.01000   266.04000
  S 266.08000 9626968 1574185063718   200   200   266.06000   266.09000
  B 265.96000 9637089 1574185084184   200   200   265.96000   265.99000
  S 265.99000 9647399 1574185093357   200   200   265.99000   266.02000
  S 266.05000 9652213 1574185103208   200   200   266.03000   266.05000
  S 266.08000 9662959 1574185110794   100   100   266.06000   266.10000
  B 266.06000 9671412 1574185137472   200  2700   266.03000   266.06000
  B 266.06000 9692624 1574185209444  2500   300   266.05000   266.07000
  B 265.98000 9707710 1574185259015   100  3000   265.98000   265.99000
  S 265.94000 9722211 1574185289879   100   100   265.94000   265.95000
  S 265.99000 9723253 1574185293872   100   100   266.00000   266.02000
  B 265.97170 9734969 1574185352075   300   100   265.97000   266.00000
  B 265.94000 9736252 1574185360197   200   100   265.94000   265.96000
  S 265.96720 9736896 1574185373185   300   200   265.95000   265.97000
  B 265.94000 9740142 1574185382878   200   100   265.92000   265.94000
  B 265.92000 9741793 1574185392146   100   300   265.91000   265.92000
  S 265.93670 9744216 1574185401529   200  2800   265.92000   265.94000
  B 265.95000 9750127 1574185421337   100   200   265.94000   265.96000
  B 265.91000 9753159 1574185431978   100   100   265.91000   265.93000
  B 265.87000 9765893 1574185473675   600   100   265.86000   265.88000
  B 265.81000 9776418 1574185485232   200   100   265.81000   265.84000
  S 265.85000 9778044 1574185490970   100   200   265.85000   265.86000
  S 265.89000 9779113 1574185497527   200   200   265.88000   265.90000
  B 265.86000 9779874 1574185502315   100   200   265.86000   265.88000
  S 265.87000 9781803 1574185514575   400   200   265.84000   265.87000
  S 265.90940 9791928 1574185538275   100   300   265.90000   265.93000
  S 266.00000 9796049 1574185565736   200   300   265.98000   266.01000
  B 265.97000 9802830 1574185585521   100   300   265.97000   266.00000
  S 266.00000 9804256 1574185590397   200   100   265.99000   266.01000
  B 266.00500 9811348 1574185619878   400  3000   266.00000   266.01000
  S 266.04000 9815991 1574185636108   100   100   266.04000   266.05000
  B 265.97500 9826737 1574185674354   700   300   265.96000   265.99000
  S 265.99000 9835082 1574185706470   100   100   265.98000   266.00000
  B 265.96000 9837631 1574185718449   100   200   265.94000   265.96000
  S 265.99780 9840633 1574185727076   400   100   265.98000   266.00000
  B 265.98000 9842640 1574185743451   200   100   265.96000   265.98000
  S 266.03000 9846589 1574185776168   200   100   266.03000   266.04000
  S 266.01000 9853616 1574185786061   100   100   266.00000   266.01000
  S 266.02560 9859095 1574185801235   100   100   266.02000   266.03000
  B 265.98000 9860918 1574185816295   200   100   265.96000   265.98000
  B 265.93000 9873588 1574185847106   200   200   265.91000   265.92000
  B 265.88160 9875946 1574185855287   200   200   265.88000   265.90000
  S 265.92000 9877926 1574185859707   100   100   265.91000   265.93000
  B 265.89360 9881800 1574185873932   100   200   265.88000   265.90000
  B 265.87000 9887046 1574185902319   100   100   265.86000   265.88000
  S 265.89600 9894362 1574185942232   200   100   265.89000   265.90000
  B 265.87000 9895600 1574185951511   200   200   265.86000   265.88000
  S 265.88000 9896377 1574185957919   700   300   265.87000   265.88000
  S 265.91670 9900182 1574185980870   400   100   265.91000   265.92000
  S 265.91000 9903254 1574186012926   500   300   265.90000   265.91000
  B 265.89000 9905822 1574186018769   400   100   265.88000   265.89000
  S 265.89000 9910185 1574186025735   400   300   265.88000   265.90000
  S 265.88560 9922417 1574186070405   100   700   265.87000   265.90000
  B 265.85000 9923255 1574186086427   100   100   265.85000   265.86000
  B 265.85000 9928644 1574186126580   100   100   265.85000   265.87000
  S 265.86680 9929729 1574186130651   200   200   265.85000   265.88000
  S 265.90000 9935733 1574186159803   100   200   265.88000   265.90000
  B 265.87990 9940508 1574186201190   400   200   265.86000   265.88000
  S 265.88000 9947104 1574186239500   400   100   265.88000   265.89000
  S 265.93000 9954824 1574186270716   200   100   265.92000   265.94000
  B 265.90000 9960390 1574186288250   300   300   265.89000   265.90000
  B 265.87100 9961953 1574186298536   200   200   265.87000   265.88000
  S 265.89000 9963553 1574186308311   200   100   265.88000   265.90000
  B 265.87550 9969628 1574186354292   100   200   265.87000   265.88000
  S 265.90000 9973038 1574186371131   200   200   265.89000   265.91000
  B 265.87000 9994560 1574186443658   400   100   265.88000   265.89000
  B 265.85000 9996599 1574186464504   300   700   265.85000   265.86000
  B 265.83280 10000914 1574186471183  1000   200   265.82000   265.84000
  B 265.76010 10009410 1574186475671   600   200   265.76000   265.77000
  B 265.75000 10020924 1574186484855   400   300   265.74000   265.75000
  B 265.70900 10031116 1574186495397   100   200   265.70000   265.71000
  S 265.73000 10039382 1574186508435   300   100   265.72000   265.73000
  B 265.71370 10043949 1574186521012   200   100   265.71000   265.72000
  S 265.71000 10052925 1574186536521   200   200   265.71000   265.72000
  B 265.69000 10057258 1574186551218   100   300   265.69000   265.72000
  B 265.68000 10060185 1574186578298   300   200   265.68000   265.70000
  S 265.71380 10066942 1574186590770   200   200   265.71000   265.73000
  S 265.74930 10071144 1574186604567   400   200   265.73000   265.75000
  S 265.81000 10080719 1574186635233   300   200   265.81000   265.82000
  S 265.85000 10107704 1574186707639   100   200   265.86000   265.87000
  S 265.87000 10108949 1574186714269   200   100   265.86000   265.88000
  B 265.80000 10133703 1574186773556   200   300   265.80000   265.82000
  S 265.82500 10140558 1574186782225   100   100   265.81000   265.83000
  B 265.77050 10142833 1574186787980   200   300   265.77000   265.79000
  B 265.77720 10150873 1574186819127   200   400   265.77000   265.79000
  S 265.80550 10154844 1574186828131   500   200   265.79000   265.81000
  B 265.79310 10166486 1574186878542   100   200   265.79000   265.80000
  B 265.75000 10174599 1574186898978   300   200   265.75000   265.77000
  S 265.80000 10183970 1574186917128  2600   100   265.80000   265.82000
  S 265.84000 10191820 1574186934407   300   100   265.82000   265.84000
  B 265.84500 10196764 1574186954246   300   200   265.83000   265.85000
  S 265.88000 10198132 1574186960833   200   100   265.87000   265.89000
  S 265.90960 10222121 1574187049003   200   200   265.90000   265.92000
  S 265.97580 10242678 1574187085367   200   100   265.96000   265.98000
  S 266.00000 10244230 1574187092271   400   100   266.00000   266.01000
  B 265.97670 10263029 1574187107075   200   100   265.97000   265.98000
  B 265.94000 10269521 1574187120110   100   200   265.93000   265.95000
  B 265.87490 10293060 1574187190643   200   100   265.85000   265.87000
  S 265.93000 10299940 1574187198689   100   100   265.93000   265.94000
  S 266.02780 10325463 1574187276014   200   200   266.02000   266.04000
  S 266.05980 10328281 1574187286208   100   700   266.05000   266.06000
  B 266.05000 10334515 1574187298072   400   200   266.04000   266.06000
  B 266.05940 10344022 1574187310463   200   200   266.05000   266.08000
  S 266.09000 10347460 1574187319118   200   200   266.09000   266.11000
  B 266.07000 10360780 1574187335896   200   300   266.07000   266.11000
  B 266.09000 10364799 1574187360251   300   300   266.07000   266.10000
  B 266.05380 10374023 1574187409841   100   400   266.04000   266.06000
  S 266.11990 10384348 1574187449804   300   300   266.10000   266.12000
  B 266.09500 10386041 1574187457759   500   200   266.08000   266.11000
  B 266.06000 10393624 1574187494818  1500   200   266.05000   266.07000
  B 266.04000 10417948 1574187611443   100   100   266.03000   266.04000
  S 266.10360 10424425 1574187654472   100   100   266.10000   266.11000
  S 266.16670 10430144 1574187672791   800   300   266.15000   266.17000
  B 266.09000 10442934 1574187697684   400   200   266.08000   266.10000
  B 266.01000 10452423 1574187753115  2500   200   266.00000   266.02000
  B 265.98000 10469860 1574187789818  3000   100   265.99000   266.00000
  B 266.02000 10477342 1574187809787   200   200   266.00000   266.01000
  B 266.00920 10488131 1574187865824   500   200   266.00000   266.02000
  B 265.97000 10493820 1574187895035   300   500   265.97000   265.99000
  S 266.00610 10499656 1574187912777   500   200   265.98000   266.01000
  S 266.02250 10500878 1574187918938   800   100   266.01000   266.03000
  S 266.03000 10503588 1574187943102  1000   500   266.03000   266.04000
  S 266.06000 10505346 1574187952801   100   100   266.06000   266.07000
  S 266.09000 10506733 1574187966299   100   300   266.11000   266.12000
  B 266.09000 10513977 1574187990440   100   700   266.08000   266.11000
  S 266.12000 10516384 1574188010287   100   200   266.11000   266.12000
  B 266.09000 10518567 1574188023552   200   300   266.09000   266.11000
  S 266.13000 10523781 1574188032870   500   400   266.13000   266.14000
  B 266.09480 10531956 1574188043222   300   300   266.09000   266.10000
  S 266.10360 10542586 1574188073917   300   300   266.09000   266.12000
  S 266.12000 10544840 1574188095000   300   200   266.10000   266.12000
  S 266.07000 10563429 1574188182888   100   100   266.07000   266.08000
  S 266.10500 10564491 1574188191963   700   300   266.10000   266.11000
  B 266.09310 10566575 1574188201651   300   700   266.07000   266.10000
  B 266.05000 10568098 1574188217722  3000   300   266.07000   266.08000
  S 266.13000 10572183 1574188226774   100   100   266.13000   266.14000
  B 266.10000 10577256 1574188257815   300   200   266.08000   266.09000
  S 266.20000 10600946 1574188304341   300   400   266.17000   266.20000
  S 266.21000 10603842 1574188318036  1600   200   266.20000   266.22000
  B 266.17000 10611050 1574188342736   700   300   266.16000   266.18000
  S 266.16500 10632182 1574188416236   100   100   266.16000   266.17000
  S 266.17000 10641562 1574188478355   500   200   266.17000   266.18000
  S 266.23000 10652396 1574188505845   100   400   266.22000   266.23000
  B 266.16000 10663924 1574188519074   300   300   266.16000   266.17000
  S 266.22620 10665975 1574188531737   300  1700   266.22000   266.24000
  S 266.21000 10672565 1574188567417   200   100   266.21000   266.22000
  B 266.15560 10677510 1574188597405   200   200   266.15000   266.17000
  B 266.09030 10685435 1574188630055   300   200   266.09000   266.12000
  B 266.08010 10698708 1574188671181   600   100   266.08000   266.10000
  S 266.12000 10704602 1574188705961   200   100   266.12000   266.13000
  S 266.09500 10714813 1574188737801   500   100   266.09000   266.11000
  S 266.11020 10715929 1574188747770   800   200   266.11000   266.13000
  S 266.12930 10722646 1574188783192   200   300   266.12000   266.15000
  S 266.15870 10723455 1574188792578   500   200   266.14000   266.16000
  B 266.14100 10734046 1574188844090   400   100   266.14000   266.15000
  S 266.20500 10737473 1574188865548  1000   200   266.20000   266.22000
  S 266.25300 10753537 1574188909272   600  1400   266.24000   266.26000
  S 266.29000 10759032 1574188924505   200   500   266.28000   266.30000
  S 266.30000 10763904 1574188932464   300   200   266.29000   266.30000
  B 266.29000 10769173 1574188944908   600   200   266.28000   266.30000
  S 266.30000 10770164 1574188952031   200   200   266.29000   266.30000
  B 266.27400 10778542 1574188982231   200   200   266.27000   266.28000
  S 266.29000 10784689 1574189010748   300   100   266.29000   266.30000
  B 266.26000 10787736 1574189022426   500   200   266.24000   266.26000
  B 266.24000 10795314 1574189057999   100   100   266.23000   266.24000
  B 266.21940 10799782 1574189062055   300   100   266.21000   266.23000
  B 266.23000 10802848 1574189073483   100   200   266.22000   266.23000
  S 266.27260 10807015 1574189117785   300   500   266.27000   266.29000
  B 266.26000 10809241 1574189133719   100   200   266.24000   266.25000
  S 266.27040 10813007 1574189153529   300   300   266.26000   266.28000
  S 266.32000 10819368 1574189179742   300   300   266.31000   266.32000
  B 266.29640 10822818 1574189202153   400   400   266.29000   266.30000
  B 266.30000 10831748 1574189241285   200   100   266.29000   266.30000
  S 266.32000 10856267 1574189291196   300   100   266.31000   266.33000
  S 266.36800 10862715 1574189324364   800   300   266.35000   266.37000
  S 266.39150 10864596 1574189329603   400   400   266.38000   266.40000
  B 266.38630 10870671 1574189336249   200   300   266.38000   266.39000
  B 266.35000 10872175 1574189341243  1000   300   266.35000   266.37000
  B 266.33450 10875797 1574189347759   200   100   266.33000   266.34000
  S 266.34350 10877932 1574189351972   600   100   266.33000   266.35000
  S 266.37200 10881915 1574189365038   300   300   266.36000   266.39000
  B 266.36440 10887437 1574189385053   300   400   266.36000   266.37000
  S 266.41880 10892136 1574189397302   100   200   266.40000   266.42000
  S 266.42000 10916076 1574189444069   100   200   266.42000   266.43000
  B 266.40000 10920151 1574189458337   100   700   266.39000   266.41000
  B 266.36730 10922896 1574189475631   300   200   266.36000   266.38000
  S 266.37000 10932877 1574189511749   100   100   266.37000   266.38000
  B 266.33000 10942046 1574189552227   100   200   266.32000   266.34000
  S 266.33990 10948935 1574189572559   500   200   266.31000   266.34000
  B 266.33020 10958206 1574189634474   600   500   266.33000   266.35000
  B 266.31000 10960066 1574189644779   100   400   266.32000   266.34000
  B 266.28430 10968841 1574189666694   300   300   266.28000   266.29000
  S 266.31500 10972958 1574189688640   300   200   266.31000   266.32000
  S 266.32000 10982124 1574189736536   500   200   266.32000   266.34000
  S 266.38700 10990380 1574189804044   100   300   266.38000   266.40000
  S 266.41990 11010414 1574189826911   200   200   266.41000   266.42000
  B 266.38000 11018450 1574189839322   300   100   266.38000   266.39000
  S 266.41000 11019264 1574189848658   300   300   266.41000   266.42000
  S 266.46000 11028390 1574189870946   100  1500   266.45000   266.46000
  S 266.49000 11039293 1574189906707   500  2200   266.49000   266.50000
  S 266.50000 11048781 1574189914082   400   300   266.49000   266.50000
  B 266.43780 11051478 1574189920805   300   200   266.42000   266.44000
  B 266.42000 11058199 1574189935251   100   200   266.42000   266.44000
  S 266.44000 11059741 1574189940705   100   200   266.43000   266.44000
  B 266.42000 11062386 1574189954077   500   200   266.40000   266.43000
  S 266.44000 11065659 1574189965914   200   100   266.43000   266.44000
  S 266.42470 11070499 1574189976634   300   100   266.41000   266.43000
  S 266.41000 11084264 1574190016840   300   100   266.41000   266.42000
  S 266.43000 11092306 1574190043364   300   400   266.42000   266.44000
  S 266.48610 11099700 1574190060777   100   400   266.48000   266.50000
  S 266.56000 11109142 1574190068814   300   300   266.56000   266.57000
  B 266.58340 11147880 1574190138235   200   100   266.57000   266.59000
  S 266.62980 11148853 1574190148607   100   100   266.62000   266.63000
  S 266.63000 11152269 1574190164310   400   100   266.62000   266.63000
  S 266.66540 11157410 1574190169826   200   100   266.65000   266.67000
  B 266.65010 11167354 1574190185536   200   200   266.65000   266.67000
  S 266.70000 11174644 1574190193365   300   200   266.69000   266.70000
  S 266.75010 11192948 1574190211775   200   200   266.75000   266.77000
  S 266.75000 11200022 1574190231748   200   200   266.74000   266.76000
  S 266.74960 11203672 1574190248871   300   200   266.73000   266.75000
  B 266.70000 11206386 1574190258156   200   100   266.70000   266.72000
  S 266.73000 11223463 1574190311407   500   200   266.72000   266.75000
  S 266.75000 11231472 1574190348050   400   200   266.72000   266.76000
  B 266.74010 11235826 1574190367570   200   200   266.74000   266.76000
  S 266.78000 11240039 1574190392021   500   100   266.77000   266.78000
  S 266.88000 11254543 1574190423908   200   500   266.85000   266.88000
  S 266.85880 11258163 1574190439502  1000   200   266.86000   266.87000
  S 266.93000 11281444 1574190443915   300   800   266.92000   266.94000
  B 266.90000 11286859 1574190449144   400   200   266.89000   266.91000
  B 266.88980 11299596 1574190453118   100   200   266.87000   266.89000
  S 266.90190 11314602 1574190484075   300  1000   266.90000   266.91000
  B 266.87000 11323632 1574190490728  1100   200   266.86000   266.89000
  B 266.88000 11329669 1574190525750   500   800   266.88000   266.91000
  B 266.85000 11350671 1574190582334  1400   200   266.85000   266.86000
  S 266.87000 11354218 1574190586486   100   100   266.87000   266.89000
  S 266.90100 11359104 1574190602868   200   100   266.89000   266.90000
  S 266.91000 11374142 1574190644032   400   600   266.90000   266.91000
  B 266.83500 11387999 1574190648408   300   200   266.82000   266.85000
  B 266.83000 11397910 1574190702622   500   100   266.83000   266.86000
  S 266.85500 11408512 1574190741920   100   200   266.85000   266.86000
  B 266.80000 11413573 1574190757983   200   100   266.79000   266.81000
  S 266.84000 11417917 1574190777418   200   200   266.83000   266.85000
  S 266.85000 11436918 1574190829466   200   400   266.84000   266.86000
  B 266.81020 11462616 1574190929803   200   100   266.82000   266.84000
  S 266.85420 11464210 1574190941353   300   100   266.84000   266.86000
  B 266.87500 11470710 1574190979075   200   100   266.87000   266.88000
  B 266.85010 11481463 1574191025647   200   200   266.85000   266.86000
  B 266.82560 11490076 1574191080679   200   200   266.82000   266.83000
  S 266.84340 11502293 1574191094190   100   200   266.83000   266.85000
  B 266.82500 11510988 1574191124268   100   300   266.82000   266.84000
  S 266.84560 11513103 1574191126218   400   400   266.84000   266.85000
  B 266.82000 11515047 1574191133767   200   400   266.82000   266.85000
  S 266.85000 11517589 1574191160476   200   400   266.85000   266.86000
  S 266.87110 11520146 1574191176253   300   300   266.85000   266.88000
  B 266.86500 11524052 1574191189604   100   200   266.85000   266.87000
  B 266.86830 11525917 1574191198144   700   300   266.85000   266.88000
  B 266.85000 11528965 1574191221362   100   300   266.84000   266.86000
  B 266.80000 11531586 1574191232129   100   500   266.80000   266.82000
  S 266.86000 11540464 1574191262769   300   200   266.84000   266.87000
  S 266.87000 11547904 1574191271128   200   100   266.87000   266.88000
  S 266.89100 11561363 1574191290761   500  1000   266.89000   266.91000
  S 266.98000 11602321 1574191358071   200   200   266.96000   266.98000
  S 266.95000 11611148 1574191375800   200   100   266.92000   266.96000
  B 266.96500 11629359 1574191443690  1600   400   266.96000   266.97000
  B 266.94870 11633278 1574191455053   200   200   266.94000   266.95000
  S 266.96380 11637543 1574191470590   200   400   266.95000   266.97000
  S 266.99500 11656150 1574191511424   200  6100   266.99000   267.00000
  S 267.03000 11697158 1574191523889   200   700   267.02000   267.04000
  B 267.08360 11783082 1574191621876   100   200   267.08000   267.10000
  S 267.11000 11785446 1574191626339   200   400   267.11000   267.12000
  S 267.12000 11793688 1574191629987   400   200   267.11000   267.14000
  S 267.11000 11800549 1574191654075   200  1300   267.09000   267.11000
  B 267.08620 11802757 1574191663129   900   200   267.08000   267.10000
  S 267.12640 11811103 1574191686083   400   100   267.11000   267.14000
  S 267.15100 11814254 1574191690408   500  3700   267.14000   267.16000
  B 267.13000 11829072 1574191708543   200   100   267.11000   267.13000
  B 267.11910 11832890 1574191723286   300   200   267.11000   267.14000
  B 267.04190 11840061 1574191747136  1000   100   267.03000   267.06000
  B 267.02000 11848111 1574191757049   300   200   267.01000   267.04000
  B 266.99020 11862613 1574191761776   300   100   266.99000   267.00000
  S 267.04000 11869953 1574191784276   100   300   267.02000   267.04000
  B 267.03000 11889354 1574191830539   100   300   267.03000   267.05000
  B 267.01000 11901999 1574191856197   100   200   267.00000   267.02000
  B 266.97000 11903855 1574191870213   600   300   266.97000   266.99000
  S 267.00230 11911850 1574191887418   200   100   267.00000   267.02000
  S 267.02010 11913641 1574191903056   300   200   267.02000   267.04000
  B 267.03000 11916740 1574191931623   100   200   267.02000   267.03000
  B 266.96000 11925729 1574191957969   500   400   266.96000   266.97000
  S 266.97000 11932487 1574191971147   100   200   266.99000   267.00000
  B 266.99200 11951757 1574192009995   600   200   266.99000   267.01000
  B 266.98000 11956965 1574192035347   100   300   266.97000   266.98000
  B 266.96000 11957473 1574192039322   100   200   266.96000   266.97000
  B 266.92510 11964719 1574192077658   500   200   266.91000   266.93000
  B 266.91000 11965994 1574192084674   500   200   266.91000   266.93000
  S 266.93000 11967534 1574192090915   200   100   266.94000   266.95000
  B 266.93000 11977172 1574192135487   500   200   266.91000   266.93000
  S 266.90000 11995996 1574192175325   200   900   266.89000   266.91000
  S 266.90000 12006113 1574192206662   200   200   266.89000   266.90000
  S 266.90000 12018058 1574192261909   300   100   266.90000   266.92000
  B 266.87000 12033988 1574192290868   200   200   266.87000   266.89000
  S 266.86750 12041507 1574192323150   300   100   266.86000   266.87000
  B 266.86000 12044577 1574192330474   200   300   266.85000   266.87000
  B 266.84000 12048151 1574192341102   400   600   266.82000   266.84000
  S 266.87000 12057690 1574192377511   400   100   266.86000   266.87000
  B 266.87000 12061572 1574192390474   300   200   266.84000   266.86000
  S 266.93990 12079308 1574192439320   100   200   266.92000   266.94000
  S 266.98060 12083240 1574192451408   400   100   266.97000   266.99000
  S 267.02820 12111299 1574192496259   400   100   267.01000   267.03000
  B 266.98000 12121275 1574192521544   300   100   266.96000   266.98000
  B 266.93000 12127116 1574192557991   300   200   266.93000   266.94000
  B 266.91270 12130546 1574192579547   100   300   266.90000   266.93000
  S 266.97430 12142694 1574192630470   100   100   266.97000   266.98000
  B 266.94040 12144711 1574192643062   400   200   266.93000   266.96000
  S 266.96990 12148654 1574192667263   200   200   266.94000   266.97000
  B 266.92000 12153411 1574192693603   300   200   266.91000   266.92000
  B 266.90000 12156644 1574192701784   400   100   266.89000   266.91000
  S 266.93560 12161040 1574192724547   600   100   266.93000   266.94000
  B 266.92440 12176959 1574192789833   400   200   266.91000   266.93000
  S 266.96000 12180841 1574192806491   600   200   266.96000   266.97000
  B 266.94000 12189066 1574192867927   400   200   266.93000   266.94000
  S 266.91000 12199560 1574192892993   400   100   266.90000   266.91000
  B 266.87000 12202068 1574192904892   300   400   266.87000   266.89000
  B 266.83090 12208481 1574192914368   300   200   266.83000   266.84000
  S 266.86000 12210502 1574192924319   100   300   266.85000   266.87000
  B 266.75000 12249130 1574192939012   400   200   266.73000   266.75000
  S 266.74800 12284227 1574192945396   300   200   266.73000   266.76000
  S 266.78840 12292944 1574192960075   200   200   266.77000   266.79000
  S 266.83000 12293742 1574192963873   100   100   266.82000   266.84000
  B 266.71000 12312343 1574193015432   400   900   266.71000   266.73000
  S 266.76000 12315184 1574193026659   100   200   266.72000   266.74000
  S 266.71000 12341544 1574193075879   300   200   266.71000   266.72000
  S 266.72700 12344563 1574193090167   600   500   266.72000   266.73000
  B 266.61140 12361945 1574193124399   100  1100   266.62000   266.63000
  B 266.53000 12388468 1574193170538   300   100   266.53000   266.55000
  S 266.56000 12391113 1574193177365   300   200   266.55000   266.56000
  S 266.62000 12403656 1574193184252   100   100   266.61000   266.63000
  B 266.61990 12411899 1574193193330   100   300   266.61000   266.63000
  B 266.59000 12416817 1574193202468   100   200   266.58000   266.60000
  B 266.57000 12420392 1574193209470   200   100   266.55000   266.57000
  S 266.61000 12438958 1574193256435   200   100   266.60000   266.62000
  B 266.59580 12453235 1574193280789   300   300   266.58000   266.61000
  S 266.62000 12454263 1574193290483   200   200   266.62000   266.65000
  B 266.60000 12457693 1574193301069   100   200   266.59000   266.61000
  S 266.64500 12460243 1574193307798   300   100   266.64000   266.65000
  S 266.63000 12471467 1574193345511   100   200   266.61000   266.62000
  S 266.66000 12475224 1574193362814   500   300   266.65000   266.68000
  S 266.68440 12478848 1574193370995   400   500   266.67000   266.70000
  B 266.74000 12499623 1574193408834   300   200   266.73000   266.74000
  B 266.65010 12512493 1574193427888   100   300   266.65000   266.68000
  B 266.66510 12519869 1574193444117   400   300   266.65000   266.68000
  B 266.61000 12523409 1574193459730   200   100   266.61000   266.64000
  S 266.68300 12528722 1574193470076   400   200   266.67000   266.70000
  S 266.70500 12533580 1574193483929   200   100   266.70000   266.71000
  S 266.78000 12547071 1574193510168   400   300   266.76000   266.78000
  S 266.79980 12563840 1574193562402   300  1000   266.78000   266.80000
  B 266.79440 12580317 1574193594548   300   200   266.78000   266.80000
  S 266.76000 12593967 1574193622366   500   100   266.75000   266.78000
  S 266.77500 12600797 1574193643861   200   100   266.75000   266.76000
  S 266.79000 12604750 1574193665517   300   400   266.78000   266.80000
  B 266.79000 12609255 1574193690475   300   200   266.79000   266.80000
  S 266.83000 12613114 1574193702137   200  1000   266.81000   266.83000
  B 266.79230 12615256 1574193713352   100   100   266.78000   266.80000
  B 266.77150 12620498 1574193737338   200   200   266.77000   266.79000
  B 266.74000 12628775 1574193765223   100   100   266.73000   266.75000
  B 266.74000 12631832 1574193783122   300   100   266.74000   266.76000
  S 266.73290 12636139 1574193813007   200   100   266.73000   266.74000
  B 266.74000 12638829 1574193829714   100   800   266.73000   266.74000
  B 266.71000 12640378 1574193833630  1400   100   266.70000   266.71000
  B 266.71000 12655548 1574193892963   200   300   266.70000   266.72000
  S 266.73000 12661294 1574193916603   200   700   266.72000   266.75000
  S 266.76000 12674752 1574193955675   100   200   266.75000   266.76000
  B 266.71900 12677116 1574193970158   500   200   266.71000   266.73000
  S 266.73000 12679147 1574194002153   200   100   266.72000   266.74000
  S 266.77000 12680371 1574194015312   200   200   266.76000   266.78000
  S 266.82000 12690599 1574194046524   100   700   266.83000   266.84000
  B 266.84160 12698428 1574194055074   400   100   266.84000   266.85000
  S 266.87000 12699562 1574194065062   100   100   266.87000   266.88000
  S 266.90000 12704137 1574194077121   100   200   266.90000   266.91000
  B 266.83000 12724983 1574194156356   100   100   266.85000   266.86000
  B 266.77440 12736092 1574194183215   300   300   266.77000   266.79000
  S 266.80840 12738903 1574194189781   100   100   266.80000   266.82000
  S 266.84000 12740222 1574194204636   100   300   266.82000   266.84000
  B 266.82990 12744529 1574194224553   200   200   266.82000   266.85000
  S 266.91000 12747290 1574194242015   300   100   266.89000   266.92000
  S 266.94000 12751399 1574194248717   100   300   266.93000   266.95000
  B 266.93000 12756878 1574194267413   100   200   266.93000   266.95000
  S 266.98000 12758569 1574194275473   400   100   266.96000   266.98000
  S 267.00000 12770892 1574194295394   200   100   267.00000   267.02000
  S 267.01460 12783007 1574194335172   200   300   267.01000   267.02000
  B 267.00000 12788367 1574194345776   200   100   266.99000   267.00000
  S 267.04570 12795949 1574194373937   700   200   267.04000   267.05000
  S 267.02000 12815214 1574194443801   500   200   267.01000   267.02000
  B 266.96000 12818647 1574194456027   300   200   266.94000   266.97000
  S 266.96500 12824731 1574194483058   200   400   266.96000   266.97000
  S 266.97560 12828126 1574194504460   100   100   266.98000   266.99000
  B 266.95000 12834723 1574194513800   100   300   266.94000   266.95000
  B 266.90000 12835652 1574194517750   200   200   266.89000   266.91000
  S 266.91330 12851971 1574194575136   300   200   266.90000   266.92000
  S 266.94010 12853627 1574194585560   600   100   266.92000   266.94000
  B 266.90000 12864174 1574194635150   300   300   266.88000   266.90000
  B 266.85000 12865538 1574194640528   300   200   266.83000   266.86000
  B 266.83710 12869311 1574194654998   100   300   266.83000   266.84000
  B 266.78840 12872759 1574194669364   200   200   266.78000   266.81000
  S 266.82000 12874184 1574194673839   300   300   266.82000   266.83000
  B 266.80000 12878172 1574194693805   500   100   266.78000   266.80000
  S 266.81000 12880105 1574194702781   200   200   266.82000   266.84000
  S 266.87990 12896086 1574194747326   300   200   266.85000   266.88000
  S 266.91000 12898858 1574194755492   200   600   266.90000   266.92000
  S 266.91600 12911181 1574194811188   100   200   266.91000   266.92000
  B 266.89000 12913758 1574194823876   300   300   266.89000   266.90000
  S 266.91000 12935258 1574194920014   100   100   266.91000   266.92000
  S 266.93000 12937505 1574194930268   400   100   266.91000   266.93000
  B 266.85500 12947207 1574194969073   100   200   266.85000   266.86000
  B 266.71000 12984181 1574195005661   100   200   266.71000   266.73000
  B 266.68000 12990537 1574195021697   200   200   266.67000   266.70000
  S 266.71000 12995767 1574195034229   300   300   266.68000   266.72000
  S 266.74000 13003014 1574195055423   100   200   266.73000   266.75000
  S 266.76590 13007691 1574195075459   100   100   266.75000   266.77000
  B 266.69000 13021096 1574195112630   100   200   266.68000   266.70000
  B 266.58000 13035172 1574195134105 10800   200   266.55000   266.58000
  B 266.60000 13065431 1574195152842   100   300   266.59000   266.62000
  S 266.65000 13067236 1574195165547   500   100   266.64000   266.66000
  S 266.68000 13076896 1574195213353   500   100   266.67000   266.68000
  B 266.63000 13079361 1574195222095   100   200   266.62000   266.64000
  S 266.63940 13086612 1574195258177   600   400   266.62000   266.66000
  S 266.56990 13108102 1574195290294  1100   200   266.55000   266.57000
  S 266.50000 13129207 1574195303283   200   100   266.50000   266.52000
  B 266.40000 13136020 1574195311591  1100   100   266.40000   266.42000
  S 266.37000 13155864 1574195333021   100   100   266.37000   266.38000
  S 266.35010 13162082 1574195361365   300   300   266.35000   266.37000
  S 266.37940 13165385 1574195370399   300   200   266.37000   266.39000
  B 266.33000 13169996 1574195385037  1400   100   266.33000   266.34000
  S 266.35000 13170848 1574195392896   300   400   266.34000   266.37000
  S 266.46000 13234628 1574195503467   200   100   266.44000   266.47000
  S 266.48590 13237235 1574195532111   100   100   266.48000   266.49000
  S 266.55800 13239430 1574195542745   200   300   266.55000   266.58000
  S 266.54000 13245523 1574195552459   200   200   266.53000   266.56000
  B 266.53900 13354884 1574195610577   500   600   266.53000   266.55000
  B 266.48000 13362765 1574195627772   200   400   266.44000   266.47000
  S 266.48000 13364476 1574195640630   300   100   266.48000   266.49000
  B 266.38000 13384260 1574195687384   200  3000   266.36000   266.38000
  S 266.41000 13403270 1574195732496   200   100   266.39000   266.42000
  S 266.46000 13407384 1574195755101   100   200   266.45000   266.46000
  S 266.49000 13411629 1574195769817   200   700   266.48000   266.50000
  S 266.50000 13420593 1574195783129   300   400   266.47000   266.50000
  B 266.46540 13422400 1574195789692   100   100   266.46000   266.47000
  S 266.50560 13424918 1574195802156   200   100   266.50000   266.51000
  S 266.52000 13432017 1574195812230   100   200   266.51000   266.53000
  S 266.53670 13435258 1574195816508   300   100   266.53000   266.54000
  B 266.51000 13437870 1574195823519   200   100   266.50000   266.52000
  B 266.50990 13444325 1574195831855   100   200   266.50000   266.51000
  S 266.59000 13450487 1574195860951   200   100   266.57000   266.59000
  B 266.54000 13458655 1574195886305   300   700   266.54000   266.56000
  B 266.47000 13469075 1574195923332   200   200   266.46000   266.48000
  S 266.48550 13483058 1574195957832   300   200   266.46000   266.49000
  B 266.47740 13487454 1574195980673   200   100   266.46000   266.48000
  S 266.45860 13500622 1574196036401   100   100   266.45000   266.46000
  S 266.53000 13531962 1574196083684   200   100   266.53000   266.54000
  S 266.58150 13535244 1574196092957   400   100   266.58000   266.59000
  B 266.54500 13551126 1574196122341   100   300   266.54000   266.55000
  S 266.56000 13566434 1574196146947   300   200   266.54000   266.56000
  B 266.55000 13577021 1574196155076   300   100   266.54000   266.56000
  S 266.57000 13583074 1574196181420   100  1000   266.57000   266.59000
  B 266.55000 13606604 1574196234965  3000   100   266.54000   266.55000
  S 266.55000 13615152 1574196249838   100   500   266.53000   266.55000
  S 266.58300 13619517 1574196257706   100   300   266.58000   266.59000
