------------------------------------------------------------------------
  X PRICE     VOLUME  TIME            BIDs  ASKs  BIDp        ASKp
------------------------------------------------------------------------
  S 267.03050 2013203 1574174609919   100   600   267.03000   267.04000
  B 267.15250 2028807 1574174617942   200   100   267.15000   267.16000
  S 267.22510 2131410 1574174677029   200   200   267.20000   267.22000
  S 267.06000 2154948 1574174701746   400   200   267.06000   267.07000
  S 266.92730 2222601 1574174729435  2400   300   266.90000   266.92000
  B 266.99340 2256711 1574174745191   200   300   266.98000   267.01000
  B 266.86000 2334814 1574174848016   200   200   266.84000   266.86000
  B 266.86000 2382141 1574174882478   300   200   266.86000   266.88000
  B 267.13550 2430223 1574174929537   200   200   267.12000   267.15000
  B 267.33000 2456924 1574174936270   200   400   267.31000   267.34000
  B 267.19990 2521090 1574175011420   300   100   267.19000   267.21000
  S 267.07000 2557349 1574175073798   100   200   267.05000   267.09000
  S 266.99500 2617113 1574175093175   900   300   266.98000   267.01000
  S 266.90000 2647493 1574175111499   400   200   266.89000   266.90000
  B 267.10000 2665620 1574175122191   300   200   267.09000   267.12000
  S 267.01000 2673149 1574175131522   200   100   267.00000   267.02000
  S 266.81000 2705366 1574175169120   200   300   266.81000   266.83000
  B 266.88000 2710767 1574175176218   300   200   266.86000   266.89000
  B 266.99000 2720151 1574175192340   300   200   266.96000   266.99000
  B 267.05010 2738269 1574175204205   100   100   267.05000   267.08000
  S 266.90500 2755812 1574175235486   300   300   266.89000   266.92000
  S 266.76010 2762289 1574175247427   100   100   266.76000   266.77000
  S 266.91000 2849369 1574175331745   100   200   266.89000   266.92000
  S 266.78160 2924548 1574175452487   300   100   266.78000   266.80000
  B 266.80000 2950626 1574175466075   400   200   266.79000   266.81000
  S 266.73250 2969121 1574175494230   100   300   266.73000   266.76000
  S 266.74000 2979546 1574175517255   100   300   266.73000   266.76000
  B 266.87000 3054528 1574175594900   100   100   266.85000   266.88000
  B 266.70600 3110562 1574175657607   100   100   266.69000   266.72000
  S 266.45950 3313522 1574175831735   200   200   266.46000   266.47000
  B 266.52000 3357634 1574175868094   200   100   266.50000   266.52000
  B 266.63000 3367888 1574175877240   300   500   266.63000   266.65000
  S 266.45000 3401365 1574175923023   300   200   266.44000   266.47000
  B 266.54890 3452319 1574175945549   100   200   266.53000   266.56000
  B 266.76000 3515780 1574175989766   300   100   266.72000   266.76000
  B 266.83000 3554372 1574176029604   300   200   266.79000   266.83000
  S 266.75400 3573970 1574176040335   200   200   266.75000   266.76000
  S 266.63000 3586180 1574176055174   100  1300   266.62000   266.64000
  B 266.61000 3701533 1574176194371   100   100   266.60000   266.63000
  S 266.90670 3824800 1574176276516   400   200   266.90000   266.93000
  B 266.96000 3861008 1574176305809   200   400   266.95000   266.97000
  B 266.97000 3878399 1574176324113   500   500   266.96000   266.97000
  B 267.33000 3988808 1574176385777   200  1600   267.32000   267.33000
  B 267.38100 4005079 1574176394008   400   800   267.37000   267.39000
  B 267.60000 4129861 1574176473818   300   100   267.58000   267.60000
  S 267.49000 4162447 1574176483257   200   200   267.46000   267.50000
  B 267.44940 4339792 1574176643596   200   400   267.44000   267.46000
  B 267.54920 4433689 1574176748136   100   100   267.55000   267.56000
  S 267.25000 4536033 1574176854792   100   300   267.25000   267.29000
  B 267.16310 4571854 1574176876979   100   100   267.16000   267.18000
  B 267.23730 4608898 1574176920023   200   200   267.22000   267.25000
  S 267.05000 4620011 1574176945293   100   200   267.05000   267.07000
  S 266.99870 4752829 1574177131389   200   300   266.96000   266.98000
  S 266.82010 4780361 1574177165072   200   300   266.82000   266.85000
  B 267.02100 4800647 1574177180817   200   100   266.99000   267.03000
  B 266.75000 4854908 1574177278217   100   300   266.74000   266.76000
  S 266.70000 4875224 1574177292414   300   200   266.68000   266.70000
  B 266.89810 4945071 1574177361640   600   200   266.88000   266.90000
  B 266.79660 4982023 1574177403156   200   200   266.78000   266.82000
  B 266.75000 5050049 1574177452954   200   100   266.74000   266.75000
  S 266.54000 5075654 1574177473521   100   300   266.54000   266.57000
  S 266.53000 5098324 1574177491075   400   200   266.52000   266.54000
  S 266.61000 5135636 1574177556106   100   300   266.62000   266.66000
  B 266.88000 5160787 1574177601881   400   500   266.85000   266.88000
  S 266.68000 5223868 1574177745226  2600   100   266.68000   266.69000
  B 266.83000 5244468 1574177777521  1200  2200   266.83000   266.84000
  B 266.86000 5265179 1574177797242   200   100   266.85000   266.87000
  B 266.77000 5331969 1574177910365   100   300   266.76000   266.78000
  S 266.85000 5385252 1574177983974   100   100   266.85000   266.87000
  S 266.83680 5405430 1574178045547   100   200   266.84000   266.87000
  B 266.92000 5409192 1574178057586   200   100   266.91000   266.94000
  S 266.87430 5415962 1574178066831   400   500   266.86000   266.89000
  S 266.81000 5424100 1574178089790   100   100   266.80000   266.82000
  B 266.72000 5482753 1574178231349   200   200   266.70000   266.72000
  S 266.60000 5498546 1574178240528   200   100   266.57000   266.59000
  B 266.65950 5505718 1574178250168   200   200   266.65000   266.68000
  S 266.58000 5600207 1574178320708   200   200   266.58000   266.61000
  S 266.59000 5626993 1574178401936   400   200   266.58000   266.60000
  S 266.55000 5658211 1574178443519  1300   100   266.53000   266.56000
  B 266.38000 5760082 1574178495457   100   200   266.40000   266.43000
  S 266.28940 5774684 1574178521903   100   800   266.27000   266.31000
  S 266.20000 5797965 1574178538259   300   600   266.20000   266.22000
  B 266.35000 5866022 1574178594449   100   200   266.31000   266.35000
  S 266.37000 5895629 1574178616911   200   100   266.37000   266.39000
  S 266.30000 5912469 1574178628997   300   200   266.26000   266.29000
  S 266.21900 5921358 1574178647536  2500   100   266.20000   266.22000
  B 266.32000 5981164 1574178730021   300   200   266.29000   266.33000
  B 266.26000 6019039 1574178812719   100   300   266.25000   266.27000
  S 266.21400 6034683 1574178826420   200   100   266.22000   266.26000
  S 266.17000 6041509 1574178839135   300   200   266.14000   266.19000
  B 266.25240 6125190 1574178979179   200   200   266.23000   266.27000
  B 265.83090 6348416 1574179112216   200   100   265.82000   265.85000
  S 265.77500 6359773 1574179126078   300   200   265.76000   265.80000
  B 265.88000 6572994 1574179293206   300   200   265.86000   265.89000
  S 265.84800 6584515 1574179305197   700   100   265.84000   265.86000
  S 265.71000 6637575 1574179354994   100   100   265.71000   265.74000
  B 265.82000 6650988 1574179369956   300   200   265.80000   265.82000
  S 265.57000 6854327 1574179753397  1100   200   265.57000   265.60000
  B 265.79370 6869934 1574179796018   500   200   265.77000   265.80000
  B 265.85360 6879908 1574179818547   500   200   265.85000   265.86000
  S 265.73560 6895378 1574179845637   400   200   265.71000   265.75000
  S 265.65000 6909639 1574179899702   300   500   265.65000   265.67000
  S 265.63340 6956036 1574180000655   400   700   265.63000   265.64000
  B 265.61000 6977363 1574180041709   400   100   265.60000   265.61000
  S 265.66000 7280936 1574180376221   100   200   265.64000   265.68000
  B 265.82000 7309441 1574180421121   200   100   265.81000   265.83000
  B 265.94930 7429035 1574180624263   600   200   265.94000   265.95000
  B 266.12200 7470640 1574180656358   300   200   266.12000   266.14000
  B 266.13000 7572027 1574180821113   200   100   266.13000   266.14000
  S 266.14800 7653866 1574180911917   200   200   266.13000   266.15000
  B 266.27000 7705450 1574180944066   400   300   266.26000   266.28000
  S 266.23000 7712927 1574180961288   100   300   266.22000   266.23000
  B 266.24000 7775227 1574181087077   300   100   266.22000   266.24000
  B 266.31750 7795533 1574181117292   900  1300   266.30000   266.33000
  B 266.29940 7858669 1574181201366   100   300   266.27000   266.30000
  B 266.34000 7871726 1574181221443   200   100   266.32000   266.34000
  S 266.26000 7896791 1574181269289   300   200   266.25000   266.27000
  B 266.33450 7922454 1574181327866   600   100   266.33000   266.35000
  S 266.33000 7969387 1574181401548   300   400   266.31000   266.34000
  S 266.26920 7980034 1574181433418   300   200   266.26000   266.29000
  B 266.35000 7999844 1574181506004   200   200   266.33000   266.35000
  S 266.60840 8189600 1574181589394   300   100   266.60000   266.62000
  B 266.50990 8269753 1574181679197   100   100   266.49000   266.51000
  S 266.37320 8335268 1574181861553   300   100   266.36000   266.38000
  B 266.43170 8365765 1574181933085   100   200   266.42000   266.44000
  S 266.44000 8393645 1574181954454   100   200   266.41000   266.43000
  S 266.36000 8402181 1574181979159   200   100   266.33000   266.35000
  S 266.33220 8433995 1574182077770   100   100   266.33000   266.35000
  B 266.49330 8470286 1574182178706   100   300   266.48000   266.51000
  S 266.43960 8500657 1574182203284   200   200   266.43000   266.45000
  B 266.57770 8521727 1574182251887   500  1400   266.56000   266.58000
  S 266.41340 8561463 1574182335103   100   200   266.39000   266.41000
  B 266.47560 8564855 1574182360989   300   300   266.45000   266.48000
  S 266.31000 8599206 1574182452722   400   100   266.31000   266.33000
  B 266.35000 8608684 1574182476669   100   300   266.34000   266.37000
  B 266.37010 8634058 1574182605135   100   100   266.37000   266.39000
  S 266.34500 8647271 1574182670093   200   300   266.33000   266.35000
  S 266.34000 8661227 1574182751154   200   300   266.33000   266.36000
  B 266.38000 8689754 1574182800103   200   100   266.38000   266.39000
  B 266.50000 8702957 1574182806696   100   100   266.49000   266.52000
  S 266.41990 8709912 1574182814649   200   200   266.39000   266.42000
  S 266.20000 8767744 1574182961503   100   100   266.19000   266.20000
  S 266.08010 9008605 1574183237839   100   100   266.08000   266.10000
  B 266.13000 9056878 1574183369502   200   100   266.11000   266.13000
  S 266.06000 9063799 1574183384237   200   200   266.07000   266.11000
  B 266.16060 9091372 1574183429239   100   100   266.15000   266.17000
  B 266.16500 9145160 1574183592423   100   100   266.16000   266.17000
  B 266.22000 9152178 1574183644425   100   400   266.21000   266.23000
  B 266.33550 9165227 1574183682061   300   100   266.33000   266.34000
  B 266.34800 9190660 1574183748323   300   200   266.33000   266.35000
  B 266.35000 9224977 1574183838879   100   900   266.34000   266.35000
  S 266.41000 9319685 1574184141783   200   100   266.41000   266.43000
  B 266.30900 9420888 1574184437255   300   100   266.29000   266.31000
  B 266.21000 9499694 1574184732432   100   100   266.22000   266.24000
  S 266.10550 9505996 1574184766267   200   200   266.10000   266.13000
  B 266.18990 9509391 1574184798466   200   100   266.17000   266.19000
  B 266.20000 9519366 1574184833570   400   900   266.17000   266.20000
  B 265.99000 9578316 1574184938986   100   200   265.98000   266.00000
  B 266.00000 9614508 1574185034386   200   500   266.00000   266.04000
  B 265.96000 9722822 1574185292075   300   100   265.97000   265.98000
  S 265.96350 9735537 1574185354482   300   200   265.95000   265.98000
  S 265.92010 9741254 1574185388550   200   200   265.92000   265.95000
  S 265.92170 9751981 1574185425437   100   100   265.92000   265.94000
  B 265.88000 9778579 1574185495762   300   100   265.88000   265.89000
  S 265.97000 9827160 1574185678446   400   200   265.97000   265.99000
  S 265.95000 9863801 1574185822309   900   200   265.94000   265.96000
  S 265.90000 9875846 1574185854225   200   200   265.88000   265.90000
  S 265.86000 9942140 1574186203712   400   100   265.86000   265.88000
  B 265.89120 9949228 1574186254662   400   100   265.88000   265.90000
  S 265.88000 9960977 1574186292196   200   200   265.88000   265.89000
  B 265.89500 9963993 1574186317009   200   200   265.89000   265.90000
  S 265.86000 9995486 1574186449850   400   400   265.86000   265.88000
  S 265.81000 10001955 1574186473093   500   600   265.81000   265.82000
  S 265.71000 10026039 1574186488850   400   300   265.70000   265.71000
  S 265.67000 10044826 1574186525942   100   100   265.68000   265.69000
  B 265.86350 10108672 1574186710239   200   100   265.86000   265.88000
  S 265.77000 10174330 1574186896021   100  1100   265.77000   265.78000
  B 265.99000 10243012 1574187088381   100   200   265.97000   265.99000
  B 266.03500 10327262 1574187283477   400   100   266.02000   266.05000
  B 266.13000 10351022 1574187322576   100   100   266.13000   266.14000
  S 266.06000 10366513 1574187371792   200   100   266.06000   266.07000
  B 266.11990 10424834 1574187658465   200   200   266.11000   266.12000
  B 266.01500 10500578 1574187916728   900   100   266.01000   266.02000
  B 266.04000 10504359 1574187950040   900   500   266.03000   266.04000
  B 266.10000 10507365 1574187969057   100   300   266.10000   266.12000
  B 266.10000 10564291 1574188189434   900   400   266.10000   266.11000
  S 266.07200 10566875 1574188205388   100   400   266.07000   266.09000
  B 266.14000 10573467 1574188234746   400   400   266.13000   266.14000
  B 266.18000 10633055 1574188429187   400   200   266.17000   266.19000
  B 266.15000 10723088 1574188790308   400   200   266.13000   266.16000
  B 266.30910 10785704 1574189014905   500   400   266.30000   266.31000
  S 266.22700 10799382 1574189060100   100   200   266.22000   266.23000
  B 266.34000 10856623 1574189297860   100   200   266.33000   266.35000
  S 266.35900 10871871 1574189339912  1000   300   266.35000   266.37000
  B 266.36120 10878583 1574189356628   200   100   266.35000   266.37000
  S 266.37000 10922488 1574189472700   100   300   266.36000   266.38000
  S 266.32000 10959681 1574189640162   100   200   266.32000   266.33000
  B 266.42200 11020817 1574189854171   300   300   266.42000   266.43000
  B 266.49610 11046451 1574189912229   400   100   266.49000   266.51000
  B 266.54000 11103238 1574190063016   300   700   266.53000   266.54000
  B 266.65000 11155394 1574190168222   100   200   266.64000   266.66000
  S 266.67000 11207401 1574190260751   300   100   266.66000   266.69000
  B 266.91000 11278529 1574190442529   100   200   266.91000   266.91000
  S 266.89000 11298056 1574190451573   100   300   266.88000   266.89000
  B 266.90000 11355791 1574190593217   100   700   266.88000   266.91000
  S 266.82000 11530598 1574191225369   300   100   266.81000   266.83000
  B 266.98000 11640879 1574191473399   100  1100   266.96000   266.99000
  B 267.11540 11793370 1574191626678   200   100   267.11000   267.13000
  B 267.15000 11813554 1574191688913   100   100   267.12000   267.14000
  S 266.99390 11858630 1574191760733   100   100   266.98000   266.99000
  S 266.98000 11903690 1574191868487   600   100   266.97000   266.99000
  B 267.02000 11913233 1574191901279   100   100   267.02000   267.03000
  S 266.98000 11918638 1574191938800   200   200   266.98000   267.00000
  S 266.96990 11957273 1574192038073   200   200   266.96000   266.97000
  S 266.91440 11965493 1574192083579   500   200   266.91000   266.92000
  B 266.92000 12008356 1574192211351   400   200   266.91000   266.94000
  B 266.91000 12019117 1574192271030   400   200   266.90000   266.91000
  B 266.97560 12143235 1574192636300   300   100   266.97000   266.98000
  S 266.91000 12156319 1574192699136   100   300   266.89000   266.91000
  B 266.97000 12181924 1574192810852   400   400   266.96000   266.97000
  S 266.65010 12273061 1574192941605   200   100   266.65000   266.67000
  B 266.79000 12285228 1574192950008   400   200   266.78000   266.80000
  B 266.79500 12293188 1574192962856   200   200   266.80000   266.82000
  B 266.71900 12342263 1574193077012   500   200   266.71000   266.72000
  B 266.60000 12397640 1574193180324   200  2100   266.59000   266.60000
  S 266.59010 12414063 1574193197574   100   200   266.59000   266.61000
  B 266.68070 12478523 1574193369187   400   400   266.67000   266.70000
  S 266.71000 12501759 1574193411858   300   200   266.70000   266.73000
  B 266.79930 12550991 1574193520835   200   700   266.77000   266.79000
  B 266.76000 12637551 1574193822213   300   100   266.75000   266.77000
  S 266.72000 12639290 1574193832008   500   400   266.71000   266.72000
  S 266.67220 12658034 1574193898684   400   100   266.67000   266.70000
  B 266.76000 12680046 1574194008754   300   300   266.75000   266.78000
  B 266.83000 12691319 1574194048690   200   700   266.83000   266.84000
  B 266.89800 12700874 1574194068341   100   200   266.89000   266.90000
  B 266.88000 12741048 1574194217504   100   100   266.88000   266.89000
  B 266.93000 12750748 1574194244717   200   100   266.91000   266.94000
  B 267.00000 12832503 1574194506831   100   100   266.98000   266.99000
  S 266.92290 12835427 1574194516351   400   100   266.90000   266.92000
  S 266.87000 12865029 1574194637649   200   300   266.87000   266.88000
  S 266.81000 12870963 1574194668003   300   300   266.80000   266.82000
  B 266.85000 12874899 1574194677421   100   100   266.85000   266.86000
  S 266.78000 12879554 1574194699090   200   200   266.77000   266.79000
  B 266.90000 12898374 1574194755020   300   100   266.88000   266.91000
  B 266.92000 12937060 1574194927922   200   100   266.91000   266.92000
  S 266.83000 12948853 1574194974563   300   200   266.82000   266.84000
  S 266.55000 13057062 1574195136742   200   300   266.54000   266.57000
  B 266.56500 13240530 1574195545835  1100   300   266.55000   266.58000
  B 266.58000 13246475 1574195564420   200   200   266.56000   266.59000
  S 266.48000 13358230 1574195617074   400   200   266.48000   266.50000
  S 266.35000 13386354 1574195693994   100   300   266.36000   266.38000
  B 266.52410 13432651 1574195815591   100   100   266.53000   266.54000
  B 266.58000 13534035 1574196088908   300   400   266.57000   266.58000
  S 266.53000 13554845 1574196125712   700   300   266.53000   266.55000
  B 266.60000 13571004 1574196150384   400   200   266.57000   266.60000
  S 266.53000 13614018 1574196237846   100   200   266.52000   266.54000
